/**** Start of imports. If edited, may not auto-convert in the playground. ****/
var MayotteNotRB = 
    /* color: #d63000 */
    /* shown: false */
    ee.Geometry.MultiPolygon(
        [[[[44.93353752487357, -12.911249544927387],
           [44.94109062545951, -12.95809511901116],
           [45.033101123506384, -13.06714418570024],
           [45.121676458316315, -13.103275530389817],
           [45.211628955537634, -13.077845799375721],
           [45.25969414108451, -13.020319175455509],
           [45.25076774948295, -12.995565235483856],
           [45.214375537568884, -13.011622126750671],
           [45.17729668014701, -13.039719183798846],
           [45.090779346162634, -13.04105705936047],
           [45.03996757858451, -13.014298174238446],
           [45.000142139131384, -12.931996527163442],
           [44.97130302780326, -12.861717532702869],
           [44.931477588350134, -12.871758596798994]]],
         [[[45.066060107881384, -12.576102055618168],
           [45.06194023483451, -12.606928082828533],
           [45.12511162155326, -12.620999601831386],
           [45.13335136764701, -12.634400329135246],
           [45.16425041549857, -12.65048027450181],
           [45.203389209443884, -12.686656446537798],
           [45.24046806686576, -12.71679932983544],
           [45.274800342256384, -12.746938634929284],
           [45.30913261764701, -12.787118795281767],
           [45.324238818818884, -12.740241321207941],
           [45.283040088350134, -12.666559207025417],
           [45.200642627412634, -12.606257991208416],
           [45.12305168502982, -12.57744239467687]]]]),
    BMAtoCoral = 
    /* color: #1380f0 */
    /* shown: false */
    ee.Geometry.MultiPolygon(
        [[[[57.801999542038345, -20.332731662532623],
           [57.78071353129616, -20.349149246855852],
           [57.75290438822975, -20.38262283497072],
           [57.78483340434303, -20.4061143803561],
           [57.83564517192116, -20.34432072663058],
           [57.805776092331314, -20.327580688514043]]],
         [[[46.379132744394916, -9.363840121135988],
           [46.39183568628945, -9.374171781241422],
           [46.43269109400429, -9.376373570699558],
           [46.436295982920306, -9.387043583178746],
           [46.44711064966835, -9.394834178478282],
           [46.458783623301166, -9.386027405660645],
           [46.47457646998085, -9.382978855232931],
           [46.48968267115273, -9.386196768787226],
           [46.498780724131244, -9.379760911814145],
           [46.455522057139056, -9.365195110463779],
           [46.410890099131244, -9.358250734312143]]],
         [[[46.26602095772106, -9.484091094053468],
           [46.240356820243804, -9.480493958729495],
           [46.21572394720031, -9.466397310403345],
           [46.227309521785564, -9.493616434845022],
           [46.256106401179544, -9.499098343833625],
           [46.287650291217155, -9.498482567353868],
           [46.321128206805234, -9.486300115325815],
           [46.35318808518665, -9.473434889019712],
           [46.40961969154483, -9.453791273695941],
           [46.441458884967155, -9.463264716631668],
           [46.471671287310905, -9.460894154609212],
           [46.496905509723014, -9.449041099412153],
           [46.4987937848695, -9.4410823904624],
           [46.46531981636364, -9.452427728277064],
           [46.44712371040661, -9.452766389330776],
           [46.42154616524059, -9.444977100798987],
           [46.397003013228904, -9.445916441330047]]]]),
    SGtoRB = 
    /* color: #ffc82d */
    /* shown: false */
    ee.Geometry.MultiPolygon(
        [[[[44.448445469018495, -12.321078359117672],
           [44.48655429470209, -12.368199935205475],
           [44.49616733181146, -12.371050434455384],
           [44.50097385036615, -12.348077879907246],
           [44.47282138454584, -12.32057523606313],
           [44.450162082788026, -12.3140345485576]]],
         [[[44.30157592659927, -12.228031989796571],
           [44.29951599007583, -12.234323169554095],
           [44.3142788684938, -12.240530320115308],
           [44.332646635827786, -12.242962812308077],
           [44.345735884280096, -12.240656271181445],
           [44.35024192696548, -12.238852726238573],
           [44.327153471765286, -12.233400472560975]]],
         [[[44.22123840218521, -12.193889245577944],
           [44.26861694222427, -12.217965790817999],
           [44.27762916451431, -12.22174066032913],
           [44.28260734444595, -12.21486196887535],
           [44.25488403206802, -12.20001345239615],
           [44.209736895592556, -12.176984515316917],
           [44.214714989496294, -12.185436939991664]]],
         [[[44.203998477402614, -12.167784284373734],
           [44.20605841392605, -12.172482780836695],
           [44.23197928184597, -12.171727670938013],
           [44.231464297715114, -12.167364771720505],
           [44.20365515464871, -12.16459597160023]]]]),
    DL_SGtoSD = 
    /* color: #f6ff17 */
    /* shown: false */
    ee.Geometry.MultiPolygon(
        [[[[44.51724522032148, -12.26586971247598],
           [44.517588543075384, -12.342013892807694],
           [44.548487590926946, -12.34905695145454],
           [44.547285961288274, -12.262179346303313],
           [44.531664818702694, -12.225105587556078]]],
         [[[44.40244482739659, -12.13316362800548],
           [44.344251620609484, -12.180989957461227],
           [44.343736636478624, -12.189044071319936],
           [44.36639593823644, -12.188372904503423],
           [44.41806601269933, -12.169411740652926],
           [44.43746374829503, -12.132827974272223],
           [44.432142245609484, -12.107988425683828],
           [44.420125949222765, -12.10865979523274]]]]),
    SGtoRK = 
    /* color: #c28f56 */
    /* shown: false */
    ee.Geometry.MultiPolygon(
        [[[[44.40851124353974, -12.100236833710976],
           [44.502281270700394, -12.125580598812137],
           [44.50054147480959, -12.077992151041995],
           [44.48266895838349, -12.031410527464047],
           [44.43220527402953, -12.067001213904845]]],
         [[[44.512488995162045, -12.208197528132478],
           [44.518754635420834, -12.221032338514691],
           [44.532487545577084, -12.216754137545648],
           [44.52956930216888, -12.188314927265532],
           [44.51188818034271, -12.190496213686567]]],
         [[[43.66734196156403, -12.246025801394074],
           [43.60605852491806, -12.255000409752714],
           [43.60858969680278, -12.297856886329136],
           [43.63309534151488, -12.29039358685256],
           [43.77325757119539, -12.299702324424803],
           [43.77995239856942, -12.28477463934774],
           [43.73961176882459, -12.258774965759478],
           [43.70098776246897, -12.247367847929393]]],
         [[[43.773940936333965, -12.369967986497178],
           [43.782695666558574, -12.38036370440054],
           [43.80329503179295, -12.382040394329868],
           [43.87213124395115, -12.402327488361164],
           [43.89015568853123, -12.383046403117142],
           [43.87573613286717, -12.367955864271398],
           [43.78681553960545, -12.364434613093461]]],
         [[[43.66630261148744, -12.322737707302851],
           [43.66012268410097, -12.318041912626018],
           [43.650681426184704, -12.3136814019857],
           [43.64724819864564, -12.308482270699427],
           [43.642956615865536, -12.303702290718975],
           [43.62785046304994, -12.283323730449924],
           [43.61583416666322, -12.312339700543067],
           [43.65171139444642, -12.357618329894171],
           [43.66647427286439, -12.350743190256194],
           [43.675400664465954, -12.34001090393033],
           [43.67025082315736, -12.330452091129242]]]]);
/***** End of imports. If edited, may not auto-convert in the playground. *****/
