/**** Start of imports. If edited, may not auto-convert in the playground. ****/
var depth_pal = {"opacity":1,"bands":["depth"],"max":5,"palette":["e4e1ff","7f89ff","3a52ff","0007ff","000258"]},
    benthic = ee.Image("projects/coral_atlas/Andaman_sea/in_out/andm_benthic"),
    geo = ee.Image("projects/coral_atlas/Andaman_sea/in_out/andm_geo"),
    pixels = ee.Image("projects/coral_atlas/Andaman_sea/in_out/andm_pixels"),
    southasia_dove = ee.Image("projects/coral_atlas/workflow/mapping/south_asia/south_asia_low_tide_normalized_sr_may2018_may2020_v2_shift_mosaic/20200526T213437Z/south_asia_low_tide_normalized_sr_may2018_may2020_v2_shift_mosaic"),
    wcmc = ee.FeatureCollection("projects/coral_atlas/global_datasets/wcmc_reefs_2018v4_filtered"),
    not_reef = 
    /* color: #d63000 */
    /* shown: false */
    ee.Geometry.MultiPolygon(
        [[[[94.09109703919786, 15.733448346326067],
           [94.13263909242052, 15.686187125648821],
           [94.15598503968614, 15.68023738426514],
           [94.1813909234752, 15.699077636699126],
           [94.20027367494005, 15.72188192837816],
           [94.21503655335802, 15.725847631459953],
           [94.26275841615099, 15.835204413268006],
           [94.26584832093614, 15.84214046463901],
           [94.2631017389049, 15.855681592454987],
           [94.26756493470567, 15.869882286608888],
           [94.28404442689317, 15.876486919780298],
           [94.2857610406627, 15.871533465196691],
           [94.28644768617052, 15.859974931040837],
           [94.26413170716661, 15.831901447948411],
           [94.21743981263536, 15.723534314053536],
           [94.2143499078502, 15.694119844260944],
           [94.15046645654691, 15.45894224981689],
           [94.27131606592191, 15.225856920532353],
           [94.88105727685941, 14.944752323700595],
           [95.69953872217191, 14.92882966094028],
           [97.01240493310941, 14.711102172322283],
           [97.58369399560941, 14.541017286257746],
           [97.70610393230112, 14.436741286978643],
           [97.75760234538706, 14.467992382108076],
           [97.7768284196058, 14.471316708056587],
           [97.7884950258869, 14.429634464481294],
           [97.78780838037909, 14.410681589596535],
           [97.78695007349432, 14.395551383935008],
           [97.80153005597514, 14.34993644379455],
           [97.79672353742045, 14.315342218457458],
           [97.79191701886576, 14.288727647729356],
           [97.80290334699076, 14.288062243092005],
           [97.81114309308451, 14.298043105959746],
           [97.82281606671732, 14.286731427913253],
           [97.81938283917826, 14.26410636607746],
           [97.81114309308451, 14.242810115101893],
           [97.80221670148295, 14.217518207377598],
           [97.79741018292826, 14.19355484303154],
           [97.79989397398157, 14.190651468753622],
           [97.8045288311593, 14.185242650460248],
           [97.80907785764856, 14.18682370300518],
           [97.81903421751184, 14.192981381464485],
           [97.82341158262415, 14.192814959922588],
           [97.82590067258997, 14.188487956926991],
           [97.82555734983606, 14.184909795887657],
           [97.82281076780481, 14.181081933176012],
           [97.82015001646204, 14.180499426663074],
           [97.81877672544641, 14.178169385647923],
           [97.8177467571847, 14.173925320862123],
           [97.8155151592843, 14.165686615526958],
           [97.81457102171106, 14.16169198408123],
           [97.81328356138391, 14.158612741043955],
           [97.81130945554895, 14.154534760336812],
           [97.81473148449508, 14.143850856789035],
           [97.81764404677544, 14.135330620882536],
           [97.8236521949688, 14.128339036112129],
           [97.82227890395318, 14.123011970234284],
           [97.81798736952935, 14.119016589041069],
           [97.81163589858208, 14.110526171337073],
           [97.80150787734185, 14.103533825144469],
           [97.78039359114425, 14.070900740705866],
           [97.7941265013005, 14.04825415306905],
           [97.8270854856755, 13.97896834688147],
           [97.86828421614425, 13.94565043081375],
           [97.90124320051925, 13.953647169905832],
           [97.92184256575362, 13.953647169905832],
           [97.92057240786679, 13.896178855264285],
           [97.92022908511288, 13.885680468877123],
           [97.92263234439022, 13.875181606927278],
           [97.92812550845272, 13.864848929601594],
           [97.9293271380914, 13.854015790152655],
           [97.92881215396054, 13.847348991684113],
           [97.93293202700741, 13.841515386158168],
           [97.92915547671444, 13.83151457908892],
           [97.92812550845272, 13.822180104710235],
           [97.92555058779843, 13.813178650049416],
           [97.91765416445858, 13.7941744374813],
           [97.91748250308163, 13.784505033424445],
           [97.9216023761285, 13.780170343005373],
           [97.9216023761285, 13.76866635161251],
           [97.87752689585007, 13.773050467950945],
           [97.86379398569382, 13.887729386473401],
           [97.81160892710007, 13.954377127777196],
           [97.72371830210007, 13.975700341686306],
           [97.67977298960007, 14.132897874547607],
           [97.72921146616257, 14.3245850199133],
           [97.62209476694382, 14.4629240942178],
           [97.46279300913132, 14.521426289039512],
           [97.11672367319382, 14.51344962657249],
           [97.19088138803757, 13.722360430280009],
           [97.38863529428757, 13.244274398213838],
           [97.81160892710007, 13.18812382599196],
           [98.15218509897507, 13.217537642273655],
           [98.22908939585007, 13.23892728174591],
           [98.2534538404951, 13.229559018826176],
           [98.26718675065135, 13.206497348719815],
           [98.27508317399119, 13.184436321413514],
           [98.27748643326854, 13.163041909529328],
           [98.29362260270213, 13.107207074328466],
           [98.30220567154979, 13.097844303277313],
           [98.33447801041697, 13.086140338879149],
           [98.3361946241865, 13.074770241278094],
           [98.32692490983104, 13.047680545236473],
           [98.32314835953807, 13.030622546631585],
           [98.31490861344432, 12.97040846026203],
           [98.3083854811201, 12.929588397611177],
           [98.32095500562252, 12.86827122238279],
           [98.32747813794674, 12.837142183783047],
           [98.31649180982174, 12.843502193418585],
           [98.31305858228268, 12.858899444780612],
           [98.30722209546627, 12.876973273749554],
           [98.29177257154049, 12.923156022701077],
           [98.2485139045483, 12.943902015381486],
           [98.2155549201733, 12.950259312833673],
           [98.20353862378659, 12.92984846687055],
           [98.19804545972409, 12.904081573023861],
           [98.13250750171925, 12.908428221690327],
           [98.05560320484425, 12.901735203729237],
           [97.96084612476612, 12.864250995898296],
           [97.8935548650005, 12.838812092511178],
           [97.89630144703175, 12.787926567301593],
           [97.88531511890675, 12.720956304119994],
           [97.88119524585987, 12.6579881386003],
           [97.89492815601612, 12.60840651518299],
           [97.87570208179737, 12.601705558786287],
           [97.89218157398487, 12.564176967603174],
           [97.87982195484425, 12.540048550384842],
           [97.89492815601612, 12.498488757918915],
           [97.866089044688, 12.464967927062046],
           [97.855102716563, 12.43278385026841],
           [97.88119524585987, 12.41266677745308],
           [97.92514055835987, 12.40998438355831],
           [98.05148333179737, 12.463627003572391],
           [98.162719904063, 12.664687619819802],
           [98.2231447087505, 12.68612477640401],
           [98.32888811695362, 12.785248097233724],
           [98.35910051929737, 12.777212516567156],
           [98.371460138438, 12.707560127640638],
           [98.38519304859425, 12.664687619819802],
           [98.36871355640675, 12.637888639660103],
           [98.30142229664112, 12.624488095168571],
           [98.27670305835987, 12.624488095168571],
           [98.25335711109425, 12.671386925014062],
           [98.23687761890675, 12.65530829684492],
           [98.22589129078175, 12.623148002097215],
           [98.18677525796166, 12.60438596237472],
           [98.14420323647728, 12.58428225240241],
           [98.1290970353054, 12.544070110329441],
           [98.15244298257103, 12.517258525294158],
           [98.18677525796166, 12.478376780300954],
           [98.18128209389916, 12.442171284857855],
           [98.1675491837429, 12.400595787346315],
           [98.12772374428978, 12.392548149915845],
           [98.09476475991478, 12.354989226909348],
           [98.05367277756345, 12.302874620986497],
           [98.03032683029782, 12.241146733763994],
           [98.06465910568845, 12.202223905180713],
           [98.08113859787595, 12.159267941009452],
           [98.0289535392822, 12.108248721373151],
           [98.03856657639157, 12.051847717859397],
           [98.0399398674072, 11.944384479081597],
           [98.02758024826657, 11.869134810904002],
           [98.02620695725095, 11.831502177766188],
           [98.04268644943845, 11.830158059282732],
           [98.06877897873532, 11.850319142639902],
           [98.09349821701657, 11.846287044968504],
           [98.09899138107907, 11.781765400612795],
           [98.0948715080322, 11.723951886223734],
           [98.09075163498532, 11.676885432798862],
           [98.1003646720947, 11.648641722684738],
           [98.11959074631345, 11.615014516073298],
           [98.15804289475095, 11.562547976685648],
           [98.21160124436032, 11.641916606462717],
           [98.23082731857907, 11.654021698502742],
           [98.2706527580322, 11.625775664132235],
           [98.2651595939697, 11.46296909162726],
           [98.29125212326657, 11.405089540084111],
           [98.3036117424072, 11.304108634484903],
           [98.2981185783447, 11.19635644950406],
           [98.27889250412595, 11.174801185694541],
           [98.23906706467282, 11.150549599044474],
           [98.30086516037595, 11.065653138264423],
           [98.32833098068845, 11.031957236355929],
           [98.32833098068845, 11.003649692274218],
           [98.30635832443845, 10.999605535232755],
           [98.26378630295407, 11.057566474793298],
           [98.21160124436032, 11.073739578529603],
           [98.1827621330322, 11.023869644527936],
           [98.17589567795407, 10.979383918138094],
           [98.26241301193845, 10.835096358085597],
           [98.3200912345947, 10.756855273673601],
           [98.35717009201657, 10.685341353449582],
           [98.37090300217282, 10.652952143567546],
           [98.3640365470947, 10.607061535755538],
           [98.34069059982907, 10.578713895797238],
           [98.2918228652383, 10.523781354704576],
           [98.30967564844143, 10.442759273114936],
           [98.3137955214883, 10.364417848222867],
           [98.35499425195705, 10.297415181908914],
           [98.3797134902383, 10.25282337261239],
           [98.37284703516018, 10.094674729053008],
           [98.29456944726955, 9.998666201925039],
           [98.28619695568449, 9.880852518237386],
           [98.34112859630949, 9.815905931813456],
           [98.43451238537199, 9.875440791265538],
           [98.49631048107511, 9.880852518237386],
           [98.72565008068449, 9.909262623059979],
           [98.92340398693449, 9.891675705036358],
           [99.06585265140608, 12.751756662347935],
           [98.31878233890608, 15.796437009383085],
           [98.16497374515608, 16.913843182084616],
           [96.8465310497674, 17.998706208070473],
           [95.17669249515608, 16.892819817687297],
           [94.36370421390608, 16.282133563690067]]],
         [[[98.28875334151691, 9.88263671605484],
           [98.26540739425128, 9.804835025347186],
           [98.26472074874347, 9.704003957420044],
           [98.14661772139972, 9.691144116065262],
           [98.04871086811562, 9.491390401430104],
           [97.98965935444375, 9.271893100778485],
           [97.99103264545937, 9.152602224369545],
           [98.01712517475625, 9.080737236519171],
           [98.13934807514687, 9.016995849072925],
           [98.20251946186562, 8.973591012817511],
           [98.22174553608437, 8.955956313355287],
           [98.234105155225, 8.934250893725997],
           [98.22998528217812, 8.896263300518692],
           [98.19153313374062, 8.875911181256285],
           [98.1077623817875, 8.86098557609556],
           [97.98965935444375, 8.837917539792628],
           [97.95670037006875, 8.721198358457286],
           [97.95120720600625, 8.631598403099487],
           [98.16406731342812, 8.656036873477472],
           [98.22586540913125, 8.685903959733382],
           [98.23547844624062, 8.664182677867782],
           [98.24097161030312, 8.626167416853235],
           [98.26019768452187, 8.590864104765672],
           [98.22723870014687, 8.56098950395976],
           [98.18878655170937, 8.555557506170537],
           [98.15994744038125, 8.384410165715863],
           [98.23685173725625, 8.188720986564299],
           [98.25338683598491, 8.1464127273116],
           [98.26608977787944, 8.12194217878376],
           [98.29218230717632, 8.111065900394246],
           [98.32891784184429, 8.113105225017607],
           [98.37728658365077, 8.07378287436696],
           [98.4171120231039, 8.079221553710479],
           [98.44320455240077, 8.08058121209791],
           [98.47616353677577, 8.06698442220795],
           [98.50088277505702, 8.03163063002967],
           [98.5379616324789, 7.936432079444191],
           [98.56268087076015, 7.937792214645813],
           [98.56268087076015, 7.956833634413586],
           [98.56680074380702, 8.001713477837239],
           [98.6038796012289, 8.018032197238576],
           [98.76730123208827, 8.035710071100935],
           [98.8290993277914, 7.982674146164554],
           [98.81399312661952, 7.922830479981754],
           [98.80026021646327, 7.838490562331474],
           [98.82772603677577, 7.731000438878468],
           [98.8785378043539, 7.649344054078905],
           [98.96047772085721, 7.549520484153332],
           [98.91103924429471, 7.383399608212374],
           [98.96185101187284, 7.290780457867688],
           [99.07171429312284, 7.327558015376026],
           [99.14175213491971, 7.448766167542537],
           [99.19668377554471, 7.462382976476771],
           [99.24474896109159, 7.42425484571609],
           [99.28457440054471, 7.40246585678119],
           [99.31066692984159, 7.38476151040134],
           [99.30242718374784, 7.342540595334171],
           [99.26534832632596, 7.2839694671545026],
           [99.26946819937284, 7.241739018498298],
           [99.30105389273221, 7.213129046436801],
           [99.33675945913846, 7.237651990603825],
           [99.37246502554471, 7.247188331395104],
           [99.41091717398221, 7.233564925684745],
           [99.41091717398221, 7.21585388369498],
           [99.33126629507596, 7.1545410884665985],
           [99.38482464468534, 7.125925627645656],
           [99.43978230210722, 7.141847911639146],
           [99.46999470445097, 7.080525183083854],
           [99.4878474876541, 7.043727627883744],
           [99.49059406968534, 6.990570452050379],
           [99.50020710679472, 6.9278644745530364],
           [99.5482722923416, 6.926501208240948],
           [99.5867244407791, 6.900598400478361],
           [99.60457722398222, 6.8665136001803075],
           [99.60732380601347, 6.835153426930449],
           [99.72268025132597, 6.746515756713307],
           [99.69933430406034, 6.679685853314214],
           [99.69933430406034, 6.6292164019034],
           [99.73229328843534, 6.445027573728057],
           [99.7954646751541, 6.488693268399135],
           [99.84902302476347, 6.498244635490301],
           [99.91219441148222, 6.464131779222771],
           [99.93416706773222, 6.431381271966836],
           [99.92455403062284, 6.353590378799301],
           [99.94240681382597, 6.320832791504552],
           [99.9437801048416, 6.30035824523497],
           [99.8833553001541, 6.2457555127976265],
           [99.8558894798416, 6.158379314459688],
           [99.88428678411502, 6.071891194625445],
           [99.98591031927127, 6.052772640574602],
           [100.0641879071619, 6.1005677526995665],
           [100.1026400555994, 6.040481784187257],
           [100.06556119817752, 5.961267374674438],
           [100.16993131536502, 5.813734318202781],
           [100.28116788763064, 5.827396426553401],
           [100.30863370794314, 5.819199201390491],
           [100.28666105169314, 5.703059082703872],
           [100.39103116888064, 5.659329625601617],
           [100.7782992352869, 5.590995736638626],
           [100.87626103442342, 5.904010631562902],
           [99.34896432285977, 8.279944124543295],
           [98.77218209629727, 9.955821478000098]]],
         [[[100.29991446446982, 5.704829222817308],
           [100.25596915196982, 5.59003270528241],
           [99.74510489415732, 5.442404161809887],
           [99.75059805821982, 4.70921180466154],
           [99.87694083165732, 4.013604492411981],
           [100.19005118321982, 3.268047269229756],
           [100.60203848790732, 2.7030216183687044],
           [101.38756094884482, 2.615225640178804],
           [101.87095938634482, 3.4983579108027],
           [100.90965567540732, 5.2509800190266365],
           [100.71739493321982, 5.682964976637016]]]]),
    Revinment_Mask = /* color: #98ff00 */ee.Geometry.MultiPolygon(
        [[[[91.7229667394585, 21.133848007785446],
           [91.95854511501604, 20.4828980531498],
           [92.21535053493791, 20.58192398288816],
           [92.30873432400041, 20.651332438371067],
           [92.33345356228166, 20.641051700864672],
           [92.36229267360979, 20.590923159116908],
           [92.46803608181291, 20.39796775770922],
           [92.57327049589479, 20.206816239163867],
           [92.54992454862916, 20.168148411940592],
           [92.4805486531403, 20.174030036676196],
           [92.48156871316255, 20.259415349160225],
           [92.2870243057241, 20.541456716520816],
           [91.93708244626947, 20.388894274993667],
           [92.14480369901979, 20.0972325056751],
           [92.29861229276979, 20.010800636778214],
           [92.27801292753541, 19.8429616400519],
           [92.54443138456666, 19.75380563153829],
           [92.73943870878541, 19.677531241204164],
           [92.83968895292604, 19.886875195611587],
           [92.91247337675416, 19.982409653397305],
           [92.93574523749443, 20.02315670685104],
           [93.00422630482358, 19.94238112882892],
           [93.05847129994076, 19.953676477087974],
           [93.07083091908139, 19.955290032286175],
           [93.12576255970639, 19.861353693775467],
           [93.14361534290951, 19.832935856344708],
           [93.16043815785092, 19.810973135545275],
           [93.17725053389222, 19.790304479823575],
           [93.20814958174378, 19.78287426110273],
           [93.21879258711488, 19.79256578192715],
           [93.21638932783753, 19.81517703599837],
           [93.21295610029847, 19.821959785471666],
           [93.21055284102113, 19.827127400342437],
           [93.20402970869691, 19.85586918995363],
           [93.20402970869691, 19.863295997217794],
           [93.21089616377503, 19.867816492246],
           [93.24831834395081, 19.82131382179919],
           [93.25449815352113, 19.821959785471666],
           [93.26342454512269, 19.813562052999075],
           [93.2750975187555, 19.803225773476413],
           [93.28333726484925, 19.79159665638676],
           [93.35028520186097, 19.74701050875696],
           [93.39526048262269, 19.764458747193576],
           [93.39732041914613, 19.781258950296397],
           [93.39491715986878, 19.802902753919877],
           [93.39629045088441, 19.814531044766834],
           [93.40899339277894, 19.809363020447215],
           [93.41688981611878, 19.781258950296397],
           [93.42881814279207, 19.785281597352615],
           [93.42195168771394, 19.83179481148398],
           [93.41371194162019, 19.88604301943512],
           [93.42881814279207, 19.895082582904266],
           [93.45216409005769, 19.857629605086903],
           [93.47001687326082, 19.777528073280298],
           [93.47139016427644, 19.74004739022154],
           [93.48924294747957, 19.724535567103473],
           [93.49885598458894, 19.68962846089595],
           [93.49610940255769, 19.671525482423274],
           [93.38761941232332, 19.693507404359487],
           [93.36564675607332, 19.632726501516927],
           [93.38899270333894, 19.442476275414098],
           [93.46864358224519, 19.456720437661975],
           [93.50022927560457, 19.42952595217457],
           [93.50709573068269, 19.3660544533197],
           [93.64167825021394, 19.16641196043337],
           [93.65129128732332, 19.14565596438718],
           [93.61146584787019, 19.14046655735173],
           [93.50572243966707, 19.130087253914184],
           [93.43156472482332, 19.084670136434486],
           [93.43740121163972, 18.93782984886395],
           [93.448558149269, 18.952444786060056],
           [93.49748269357332, 18.949520048400093],
           [93.546234524628, 18.924190248342615],
           [93.56202737130769, 18.874818584135664],
           [93.601166165253, 18.884564144974835],
           [93.62588540353426, 18.841679439428766],
           [93.71926919259676, 18.750675639958978],
           [93.80578652658113, 18.77278108407353],
           [93.87787677780193, 18.787365041607828],
           [93.91977815639797, 18.84223308166713],
           [93.90845780090588, 18.86269028913803],
           [93.88889393204532, 18.883146223325017],
           [93.86349459086175, 18.89156902795708],
           [93.81335758456648, 18.93373932315585],
           [93.7975720912658, 18.945336512014354],
           [93.79483248199972, 18.954336024605574],
           [93.81269619176234, 18.95759153969],
           [93.95070101227316, 18.85884488619213],
           [93.93833761667139, 18.836434782972205],
           [93.93627496122866, 18.821732997727807],
           [93.9520638884717, 18.80703096143742],
           [94.02960944024728, 18.80840835960667],
           [94.05632662236806, 18.759065410431685],
           [94.0624278179106, 18.710364528072716],
           [94.06307560704782, 18.689591806738235],
           [94.0788275860095, 18.668818729187393],
           [94.10705552050584, 18.65310829912754],
           [94.13146896770591, 18.666068280333388],
           [94.13543729559645, 18.678402013279772],
           [94.14352614245632, 18.684230685179966],
           [94.16554072541562, 18.65815614903728],
           [94.14360451401888, 18.637281332728076],
           [94.13816476055224, 18.555221109937325],
           [94.13955220619374, 18.513533768842333],
           [94.16564506231835, 18.51222090373687],
           [94.2068444397875, 18.538905891385248],
           [94.22813336938154, 18.54378088859833],
           [94.24942156686295, 18.533029252356744],
           [94.2857660780435, 18.71820119833153],
           [94.16905428375753, 18.89133098097366],
           [94.14021517242941, 19.32149723501314],
           [93.76668001617941, 19.95268246063116],
           [92.69425517392749, 20.373038576141713],
           [92.50748759580249, 20.66499735342695],
           [92.38389140439624, 20.771609318670606],
           [92.11884623838061, 21.135831344366135],
           [91.83869487119311, 21.134550431547314]]],
         [[[94.36006505265293, 17.155711886226193],
           [94.38099925585294, 17.21146580114366],
           [94.41842992081699, 17.263280112709165],
           [94.52829320206699, 17.41796325498495],
           [94.39233739152012, 17.936106815253797],
           [94.41569113518726, 18.060794323132658],
           [94.33877904191074, 18.185481210090096],
           [94.1211160471919, 18.145041710071936],
           [94.15612917089611, 18.06412661274661],
           [94.01193578019199, 17.990973393046705],
           [93.89108617081699, 17.875995331396],
           [93.89657933487949, 17.67722170420119],
           [94.02017552628574, 17.43630682532998],
           [94.10806615128574, 17.20032093575063],
           [94.23921544327793, 17.115029581977595],
           [94.34220600340863, 17.028391388978793],
           [94.3765383610964, 17.084175838876934]]],
         [[[94.15481946215573, 16.06954869332222],
           [94.16237256274167, 16.103196450766703],
           [94.17061230883542, 16.138157684373542],
           [94.17095558633412, 16.168164933949086],
           [94.18983838305417, 16.19421469614198],
           [94.20528764109939, 16.2456346895993],
           [94.199280480144, 16.278595134083265],
           [94.1918983195776, 16.29573621875953],
           [94.16615153189274, 16.320447837252345],
           [94.15962598071042, 16.354383801533142],
           [94.13422009692135, 16.403792250686898],
           [94.22760388598385, 16.63880398805442],
           [94.2852821086401, 16.77888425914572],
           [94.23406041057926, 16.931110402074797],
           [94.33035921623778, 17.02949432988607],
           [94.22537291775461, 17.115457910168356],
           [94.10249622266417, 17.18884299026242],
           [94.03238767845217, 16.84229905517685],
           [93.97333616478029, 16.67529877936597],
           [93.93763059837404, 16.508810911398967],
           [93.86026525185494, 16.24347880079392],
           [93.86438512490182, 16.029770866417703],
           [93.85408544228463, 15.870660260684069],
           [93.88292455361275, 15.769582820388202],
           [93.88773107216744, 15.694898493158254],
           [93.90283727333932, 15.6433305090853],
           [93.90558385537057, 15.552063023488397],
           [93.93304967568307, 15.507737387736789],
           [94.02368688271432, 15.438252704402627],
           [94.13492345497994, 15.374041403737623],
           [94.22487401650338, 15.35748888850075],
           [94.237233635644, 15.480608049600919],
           [94.22762059853463, 15.648620132025723],
           [94.16170262978463, 15.702830872887594],
           [94.19603490517525, 15.738522759007147],
           [94.22865105385674, 15.721010583183073],
           [94.26263951943307, 15.732574546025656],
           [94.27774572060494, 15.803941603520856],
           [94.20564794228463, 15.908490389791071],
           [94.21869420693307, 15.963291750163831],
           [94.24025592478876, 16.00699306843157],
           [94.21965655955438, 16.002372854555617],
           [94.19631061228876, 16.002372854555617],
           [94.18532428416376, 16.007653090261194]]],
         [[[93.44356080291112, 19.338169097050457],
           [93.36508022398942, 19.35369327583259],
           [93.34770652842683, 19.39805232534266],
           [93.29132019348575, 19.37919637635944],
           [93.26381767284994, 19.369437696181542],
           [93.24835083276596, 19.383018248074553],
           [93.23460001070887, 19.37716440290259],
           [93.22653981535812, 19.381228794778846],
           [93.23445290471369, 19.402966763963203],
           [93.25333597986737, 19.409047796180975],
           [93.32852818391082, 19.4384031178749],
           [93.30934741085885, 19.519771178564742],
           [93.29849968444124, 19.64106176347836],
           [93.27543538381563, 19.696696342053045],
           [93.23339405468327, 19.706468936001148],
           [93.21177733816977, 19.704683325692617],
           [93.19632438646508, 19.716154222422873],
           [93.18293098032797, 19.743832999262935],
           [93.160250616199, 19.75265775787845],
           [93.14197262359953, 19.791729759378136],
           [93.14532094472956, 19.808846631117166],
           [93.11355264769122, 19.826285246009242],
           [93.0616744237091, 19.807529711942397],
           [93.02314015026225, 19.799072513929403],
           [93.01797959372064, 19.83400552733109],
           [93.0021651870313, 19.897700649033755],
           [92.97601062668708, 19.93920787225552],
           [92.94977135485476, 19.96735664199165],
           [92.91304827784937, 20.00042772095278],
           [92.8286144271043, 19.893499961143753],
           [92.75486421453446, 19.74562674541024],
           [92.67889871230005, 19.598138426310207],
           [92.99693122821925, 19.170931928223457],
           [93.16721931415675, 18.898309875244795],
           [93.3402539821255, 18.601816767782065],
           [93.50230232196925, 18.282640321888966],
           [93.68495002704738, 18.019039568207383],
           [93.7906934352505, 18.01381574564374],
           [93.88819709735988, 18.049073540334405],
           [94.06947151142238, 18.084324266305014],
           [94.12471814936517, 18.121542998247488],
           [94.33792590821477, 18.18217133951155],
           [94.23121339103865, 18.285198872425756],
           [94.20130744892238, 18.42992597162327],
           [94.12604222152261, 18.497728959234394],
           [93.82965696780813, 18.484583090196335],
           [93.74768643801323, 18.543195284899628],
           [93.68254676777003, 18.597912079146514],
           [93.61614059454219, 18.65824629805461],
           [93.52393165546535, 18.736148441950647],
           [93.46296708517112, 18.869622569001784],
           [93.43323117480884, 18.90660805251394],
           [93.4424280856682, 18.932514940760147],
           [93.44159190229641, 19.005798259157043],
           [93.44737317998599, 19.117099868586607],
           [93.4919900072734, 19.15511078735899],
           [93.49611299266603, 19.21905799620022],
           [93.46934333759425, 19.315822604921717]]],
         [[[93.9869455082983, 14.791624623361804],
           [93.8551095707983, 14.868622241538205],
           [93.2728341801733, 14.587050385764284],
           [93.3497384770483, 14.27051683575861],
           [93.4760812504858, 14.116077969782669],
           [93.6518625004858, 14.113414309028979],
           [94.02814423876706, 14.387606829758113]]],
         [[[92.84858142676816, 14.095825750813184],
           [92.73871814551816, 13.909278138809286],
           [92.77167712989316, 13.794609849115828],
           [92.91175281348691, 13.7465924067399],
           [93.00513660254941, 13.73058440292767],
           [93.04908191504941, 13.7465924067399],
           [93.09302722754941, 13.757263801542477],
           [93.24683582129941, 13.695896647030894],
           [93.33197986426816, 13.738588541517933],
           [93.33472644629941, 13.858617733989268],
           [93.32648670020566, 13.922607982503674],
           [93.27430164161191, 13.922607982503674],
           [93.19739734473691, 13.90661207788363],
           [93.15894519629941, 13.949265363056135],
           [93.15345203223691, 14.063856931671392],
           [93.10126697364316, 14.21300636805862]]],
         [[[93.20820298577354, 13.164755692434456],
           [93.06812730217979, 13.188824105759396],
           [93.05576768303916, 13.150046053084283],
           [93.03791489983604, 13.032337251324119],
           [93.02692857171104, 12.993534559773474],
           [93.02006211663291, 12.972123581083212],
           [93.02967515374229, 12.931973030100298],
           [92.99259629632041, 12.81148268267866],
           [92.97611680413291, 12.780681436161375],
           [92.97886338616416, 12.75389468973094],
           [92.98160996819541, 12.729784193929776],
           [92.98435655022666, 12.65073929776742],
           [92.98435655022666, 12.611877737726843],
           [92.99122300530479, 12.579711985286842],
           [93.00495591546104, 12.546201707731123],
           [92.98023667717979, 12.471122873023072],
           [92.96375718499229, 12.381267822975461],
           [92.95551743889854, 12.334316299515685],
           [92.95689072991416, 12.277963366840838],
           [92.97199693108604, 12.259176372275197],
           [92.99534287835166, 12.259176372275197],
           [93.03516831780479, 12.320900031689781],
           [93.06538072014854, 12.34236573054417],
           [93.17661729241416, 12.393339708153162],
           [93.29609361077354, 12.705671405895652],
           [93.21918931389854, 13.145879116480883]]],
         [[[92.31181351724592, 12.841894214762092],
           [92.1621157488416, 12.45855465278817],
           [92.29258744302717, 12.359418638731364],
           [92.35850541177717, 12.335271176188849],
           [92.39146439615217, 12.343320577873243],
           [92.39421097818342, 12.313804896410076],
           [92.38597123208967, 12.289653233165916],
           [92.33653275552717, 12.311121487929698],
           [92.24040238443342, 12.343320577873243],
           [92.13603226724592, 12.300387579788772],
           [91.95750443521467, 11.959359942297876],
           [92.09208695474592, 11.741628557576014],
           [92.25688187662092, 11.636733358373753],
           [92.32829300943342, 11.679772091472511],
           [92.38047806802717, 11.784650962270568],
           [92.46562211099592, 11.929801691840384],
           [92.54527298990217, 12.045329189644841],
           [92.60295121255842, 12.163491938590383],
           [92.63316361490217, 12.295020461265162],
           [92.62492386880842, 12.458668069168747],
           [92.57273881021467, 12.769581017931488],
           [92.51506058755842, 13.013219991069704],
           [92.41343705240217, 13.037303222671168]]],
         [[[93.94933908112971, 7.342516007241437],
           [93.82299630769221, 7.310507154966418],
           [93.81818978913752, 7.28326377103352],
           [93.83947579987971, 7.258062166684972],
           [93.84565560945002, 7.253975286870091],
           [93.86144845612971, 7.2417144248694525],
           [93.87792794831721, 7.221960112824183],
           [93.8992139590594, 7.185855176147739],
           [93.89784066804377, 7.157922973424297],
           [93.8937207949969, 7.1361210412156195],
           [93.89440744050471, 7.122494305933679],
           [93.89715402253596, 7.107504429406249],
           [93.90058725007502, 7.097283778612671],
           [93.91706674226252, 7.088425697621729],
           [93.92393319734065, 7.0604875584199185],
           [93.93936978454785, 7.034100317664614],
           [93.9421163665791, 7.023196550804529],
           [93.95035611267285, 7.014337051974929],
           [93.94692288513379, 6.986394452553163],
           [93.94417630310254, 6.9768526943215186],
           [93.94966946716504, 6.961858110023063],
           [93.95790921325879, 6.951634255016109],
           [93.9421163665791, 6.933230755662618],
           [93.92975674743847, 6.923687917322033],
           [93.91533719177441, 6.90051164975053],
           [93.90847073669629, 6.888923090247928],
           [93.90709744568066, 6.871198863409286],
           [93.91259060974316, 6.847338284191138],
           [93.92040714787524, 6.828343414416957],
           [93.9018677191643, 6.786071500881787],
           [93.85654911564868, 6.765616015328243],
           [93.8304565863518, 6.742432084441461],
           [93.7974976019768, 6.736976880554619],
           [93.73432621525805, 6.73288543737218],
           [93.58463749455493, 6.7792531021241205],
           [93.53657230900805, 6.743795875820635],
           [93.52421268986743, 6.601941156050136],
           [93.67802128361743, 6.3372195417975625],
           [94.03095707463305, 6.308555857905875],
           [94.1435669379143, 6.462774911785317],
           [94.17927250432055, 6.698788738119398],
           [94.1161011176018, 7.076444395499127],
           [94.00898441838305, 7.309428893671103]]],
         [[[93.48301395939868, 6.806949420952118],
           [93.64231571721118, 6.904523939862369],
           [93.58738407658618, 7.006762716208694],
           [93.65055546330493, 7.152584486979907],
           [93.65879520939868, 7.213897546111034],
           [93.62308964299243, 7.220709596921758],
           [93.59562382267993, 7.243869801585173],
           [93.5612915472893, 7.39642476271455],
           [93.56266483830493, 7.475405789849488],
           [93.52146610783618, 7.505360382033638],
           [93.5393188910393, 7.5530111598717635],
           [93.59562382267993, 7.546204226815358],
           [93.72196659611743, 7.4985527010439865],
           [93.8285844959714, 7.542242057570457],
           [93.8615434803464, 7.666112520276039],
           [93.77639943737765, 7.784504440073426],
           [93.54980641979952, 7.843007671277697],
           [93.36578542370577, 7.822600498735652],
           [93.25454885144015, 7.750487175048003],
           [93.24768239636202, 7.659307381323369],
           [93.27240163464327, 7.4836974866904935],
           [93.31909352917452, 7.126816430437768],
           [93.3506792225339, 6.9755340556818926],
           [93.42621022839327, 6.8225994090428985]]]]);
/***** End of imports. If edited, may not auto-convert in the playground. *****/
// little viewing script for looking at reefs and classifications for each region. 
//From this region Andaman Sea onwards the map_viewer script is going to be used from the very beginning
//in the workflow 

// imports
var pkg_vis = require('users/mitchest/global_reefs:Modules/pkg_vis')
var map_palettes = require('users/mitchest/global_reefs:Modules/colour_pals')

// choogse where to centre (link this dynamically to map app?)
var centre_map = ee.Geometry.Point([95.68022366345264, 12.587883996209781])
Map.centerObject(centre_map, 7)



// add some background data
Map.addLayer(pixels, {bands: ['b3','b2','b1'], min: 66, max: 1260}, "Dove low tide mosaic", false)
Map.addLayer(southasia_dove, {bands: ['b3','b2','b1'], min: 66, max: 1260}, "south asia - Dove low tide mosaic", false)
//Map.addLayer(Artifact_layer, {color: 'ffff00'}, 'Artifact Layer', false)

// Andaman + Myanmar
Map.addLayer(geo, map_palettes.geo, "Andaman + Myanmar Geo - RAW", false)
//Map.addLayer(geo_clean, map_palettes.geo, "Nth. Cari & Baha Geo - FINAL", false)

Map.addLayer(benthic.updateMask(geo.gt(2)), map_palettes.benthic, "Andaman + Myanmar Benthic - RAW", false)
//Map.addLayer(benthic_clean, map_palettes.benthic, "Nth. Cari & Baha Benthic - FINAL", false)


/*
// wave data
var kd1 = ee.Image('users/danleeharris/reefwave/fiji_v1_kd1')
var kd2 = ee.Image('users/danleeharris/reefwave/fiji_v1_kd2')

Map.addLayer(kd1, {}, "waves - kd1", false)
Map.addLayer(kd2, {}, "waves - kd2", false)*/

// add training data / sample point distributions

Map.addLayer(wcmc, {color:'#ffff00'}, "WCMC layer", false)

////////// UI SET UP //////////


//Generate title
var title = ui.Label({
  value: 'Coral Atlas map classes',
  style: {fontWeight: 'bold', fontSize: '18px'}
})

// generate the legend
var geo_legend = pkg_vis.discrete_legend(map_palettes.geo_atlas_names, map_palettes.geo_atlas_cols, 'Geomorphic Zone', false)
var benthic_legend = pkg_vis.discrete_legend(map_palettes.benthic_atlas_names, map_palettes.benthic_atlas_cols, 'Benthic Habitat', false)
//var mask_legend = pkg_vis.discrete_legend(["Low confidence depth","Water conditions"], ["#f7f7f7","#bababa"], 'Confidence Mask reason', false)
pkg_vis.add_lgds([title, geo_legend, benthic_legend])//, mask_legend])
// generate the legend