/**** Start of imports. If edited, may not auto-convert in the playground. ****/
var eg_area = 
    /* color: #d63000 */
    /* displayProperties: [
      {
        "type": "rectangle"
      }
    ] */
    ee.Geometry.Polygon(
        [[[158.09700006133824, 6.98282032937242],
          [158.09700006133824, 6.954194253230618],
          [158.14678186065464, 6.954194253230618],
          [158.14678186065464, 6.98282032937242]]], null, false),
    export_small = 
    /* color: #d63000 */
    /* displayProperties: [
      {
        "type": "rectangle"
      }
    ] */
    ee.Geometry.Polygon(
        [[[157.9950896058224, 7.112454892191871],
          [157.9950896058224, 6.733464175742206],
          [158.4304228577755, 6.733464175742206],
          [158.4304228577755, 7.112454892191871]]], null, false),
    region_extent = 
    /* color: #d63000 */
    /* shown: false */
    /* displayProperties: [
      {
        "type": "rectangle"
      }
    ] */
    ee.Geometry.Polygon(
        [[[30.13312558484233, -1.137341931686524],
          [30.13312558484233, -30.595651061601146],
          [51.182930272342325, -30.595651061601146],
          [51.182930272342325, -1.137341931686524]]], null, false),
    wcmc = ee.FeatureCollection("projects/coral_atlas/global_datasets/wcmc_reefs_2018v4_dissolved"),
    reef_boundary = 
    /* color: #98ff00 */
    /* shown: false */
    ee.Geometry.Polygon(
        [[[40.35842048249674, -1.8731644797702776],
          [39.69924079499674, -2.3562322691693933],
          [39.07302009187174, -3.8591024804159404],
          [38.32594977937174, -5.687377519570883],
          [38.33693610749674, -6.626740872916417],
          [38.86427985749674, -6.910394253939107],
          [38.87526618562174, -8.84740435545103],
          [39.29274665437174, -10.277410334541145],
          [40.03981696687174, -10.839024630434508],
          [39.88600837312174, -11.227221359058408],
          [40.03981696687174, -11.744003015894462],
          [40.10573493562174, -14.695513440920823],
          [39.90798102937174, -15.247407444127319],
          [39.27077399812174, -15.988050851840795],
          [35.93093024812174, -17.46102684122401],
          [35.82106696687174, -18.08873569408632],
          [35.44753181062174, -18.130504110950877],
          [34.72243415437174, -19.026081590802168],
          [34.10719977937174, -19.337372528162536],
          [33.99733649812174, -20.555960741622897],
          [34.96413337312174, -22.131748332296137],
          [34.94216071687174, -23.971496248242147],
          [33.93141852937174, -24.071844423828175],
          [33.90944587312174, -24.37241725810691],
          [33.27223884187174, -24.452449924065338],
          [32.04177009187174, -25.666581578853176],
          [31.99782477937174, -26.51511469120565],
          [32.30544196687174, -26.691931633862257],
          [32.34938727937174, -27.240271455094568],
          [32.08571540437174, -27.51343549714823],
          [32.01979743562174, -28.212739468277103],
          [30.74538337312174, -29.29147703885302],
          [30.63552009187174, -29.71219644093404],
          [30.39382087312174, -30.150162070372012],
          [31.86598884187174, -30.13116022077019],
          [32.19557868562174, -29.959979115555466],
          [32.94264899812174, -28.984405375938923],
          [33.29421149812174, -27.532921375136276],
          [33.46999274812174, -26.27893485397652],
          [33.79958259187174, -25.725980597203197],
          [34.92018806062174, -25.587336841326074],
          [35.35964118562174, -25.269833891055377],
          [36.12868415437174, -24.512441091214196],
          [35.97487556062174, -21.21288678253757],
          [35.77712165437174, -20.411877445644876],
          [36.87575446687174, -19.482439395334993],
          [37.73268806062174, -18.276614943367534],
          [39.55641852937174, -17.46102684122401],
          [40.16066657624675, -17.46102684122401],
          [40.89229301322838, -17.063481554970984],
          [41.38014899812175, -16.820631397463128],
          [42.201727631345186, -17.237185269240832],
          [43.26979743562174, -17.754231901073013],
          [43.31374274812174, -19.109149974131626],
          [43.40163337312174, -20.061400554000706],
          [42.74245368562174, -21.397125981256824],
          [40.72096931062174, -21.92806454479081],
          [40.39137946687174, -21.601564213517563],
          [39.86403571687174, -20.905310629278357],
          [39.05104743562174, -21.37666637894461],
          [39.75417243562174, -22.59910156638847],
          [40.61110602937174, -22.801806874624457],
          [40.91872321687174, -22.21313962961825],
          [42.52272712312174, -21.805714016823867],
          [43.05007087312174, -24.172114147484887],
          [43.62135993562174, -25.92376286999194],
          [44.82985602937174, -26.377401833645294],
          [46.65358649812174, -26.1606641080163],
          [47.79616462312174, -25.626965782075235],
          [48.52126227937174, -23.064873411332584],
          [50.87233649812174, -15.734418142662625],
          [50.91628181062174, -15.056528365123471],
          [50.79543220124674, -13.96104281665148],
          [50.50978766999674, -12.538799018045378],
          [49.59792243562174, -11.539557027441735],
          [48.62013923249674, -11.561084720321164],
          [47.74123298249675, -12.179286850645108],
          [47.4341492448213, -12.645919915667747],
          [47.06008063874674, -12.98346860276523],
          [45.93947516999674, -14.605165818738843],
          [43.65431891999674, -15.390453211023946],
          [40.29250251374674, -17.288023478336328],
          [41.39113532624674, -15.49634974788777],
          [41.54494391999674, -10.704115286230923],
          [40.31447516999674, -8.885397016171137],
          [40.28151618562174, -6.042563586602855],
          [40.74294196687174, -3.787850297032323],
          [42.45680915437174, -1.3295556688150814],
          [40.30348884187174, -1.3734887548247627]]]),
    mod_land = ee.ImageCollection("MODIS/006/MOD44W"),
    waves = ee.Image("users/danleeharris/reefwave/est_afr_d1"),
    not_reef = /* color: #09fc27 */ee.Geometry({
      "type": "GeometryCollection",
      "geometries": [
        {
          "type": "Polygon",
          "coordinates": [
            [
              [
                38.35401789079527,
                -16.424735032322175
              ],
              [
                34.88233820329527,
                -18.228546805551858
              ],
              [
                33.82765070329527,
                -20.034493928429058
              ],
              [
                34.88233820329527,
                -21.636217850407405
              ],
              [
                38.88136164079527,
                -17.68508818688396
              ]
            ]
          ],
          "evenOdd": true
        },
        {
          "type": "Polygon",
          "coordinates": [
            [
              [
                33.57899193865784,
                -24.3090450531787
              ],
              [
                32.01893334490784,
                -25.856247079021113
              ],
              [
                32.55726342303284,
                -25.999514282626414
              ],
              [
                32.99122338397034,
                -25.836472428622546
              ],
              [
                33.34278588397034,
                -25.99457693531245
              ],
              [
                35.13905053240784,
                -25.489882632259945
              ],
              [
                35.75977807147034,
                -24.524125614711263
              ],
              [
                35.10059838397034,
                -24.158772355995787
              ]
            ]
          ],
          "evenOdd": true
        },
        {
          "type": "Polygon",
          "coordinates": [
            [
              [
                30.771985102720343,
                -30.17551393390004
              ],
              [
                31.343274165220343,
                -30.431614029491474
              ],
              [
                33.06812768084534,
                -28.8080885695647
              ],
              [
                33.51856713397034,
                -27.197958279069873
              ],
              [
                32.28809838397034,
                -27.051288066473084
              ],
              [
                30.585217524595343,
                -29.55624627195737
              ]
            ]
          ],
          "evenOdd": true
        },
        {
          "type": "Polygon",
          "coordinates": [
            [
              [
                47.72550953333323,
                -25.06150046158232
              ],
              [
                49.98869312708323,
                -18.537724121455103
              ],
              [
                48.86808765833323,
                -18.18320498875907
              ],
              [
                46.49504078333323,
                -24.422927003569175
              ],
              [
                46.82463062708323,
                -24.782528311925947
              ]
            ]
          ],
          "evenOdd": true
        },
        {
          "type": "Polygon",
          "coordinates": [
            [
              [
                44.02071156256712,
                -22.074896432256754
              ],
              [
                47.62422718756712,
                -15.781097094089201
              ],
              [
                47.04744496100462,
                -15.254822244085743
              ],
              [
                47.02547230475462,
                -15.208445513598367
              ],
              [
                47.08589710944212,
                -14.961815741725452
              ],
              [
                47.09688343756712,
                -14.92201003503592
              ],
              [
                46.8318382715515,
                -15.018857698038962
              ],
              [
                46.67390980475462,
                -15.229647572899191
              ],
              [
                46.51735462897337,
                -15.359463482559406
              ],
              [
                46.36079945319212,
                -15.421693523841208
              ],
              [
                46.18639149420775,
                -15.430960234760823
              ],
              [
                46.08339466803587,
                -15.485228369847114
              ],
              [
                46.01473011725462,
                -15.55535875844857
              ],
              [
                45.815602919989,
                -15.628110319687476
              ],
              [
                45.705739638739,
                -15.641335104136354
              ],
              [
                45.49287953131712,
                -15.741815491289419
              ],
              [
                45.25223886213208,
                -15.807893952033803
              ],
              [
                44.99955331525708,
                -15.707446194547321
              ],
              [
                44.91578256330396,
                -15.719343915625396
              ],
              [
                44.70841561994458,
                -15.876592669862273
              ],
              [
                44.60129892072583,
                -15.89376369354352
              ],
              [
                44.46671640119458,
                -15.782786673378473
              ],
              [
                44.22776376447583,
                -15.74049370262779
              ],
              [
                43.81852304181958,
                -16.036358495041995
              ],
              [
                44.042725167231424,
                -16.28535970364461
              ],
              [
                44.03860529418455,
                -16.513273513803018
              ],
              [
                43.8600774621533,
                -17.045773363172703
              ],
              [
                43.792786202387674,
                -17.498192528840068
              ],
              [
                43.674683175043924,
                -17.57676015330514
              ],
              [
                43.63760431762205,
                -17.956020383690046
              ],
              [
                43.880676827387674,
                -18.06311289732484
              ],
              [
                43.8271184777783,
                -18.202757405037175
              ],
              [
                43.949341378168924,
                -18.36053838317672
              ],
              [
                43.949341378168924,
                -18.415271704533396
              ],
              [
                43.985046944575174,
                -18.572858351537388
              ],
              [
                44.020752510981424,
                -18.726397765185588
              ],
              [
                43.737854561762674,
                -18.84860915002788
              ],
              [
                43.668153722816385,
                -20.270716723816964
              ],
              [
                43.874147375160135,
                -20.66441397183303
              ],
              [
                43.83981509976951,
                -20.795421025567897
              ],
              [
                43.780763586097635,
                -20.83393090707274
              ],
              [
                43.775270422035135,
                -20.898092152873
              ],
              [
                43.753297765785135,
                -20.999411002400713
              ],
              [
                43.71072574430076,
                -21.130126052786213
              ],
              [
                43.54318424039451,
                -21.142935065158202
              ],
              [
                43.363283117347635,
                -21.18135545610433
              ],
              [
                43.305604894691385,
                -21.349007358113244
              ],
              [
                43.26577945523826,
                -21.525410583869974
              ],
              [
                43.437440832191385,
                -21.63012864386902
              ],
              [
                43.481386144691385,
                -21.672249892879677
              ],
              [
                43.60360904508201,
                -21.76920958453302
              ],
              [
                43.904359777503885,
                -21.895414100413348
              ]
            ]
          ],
          "geodesic": true,
          "evenOdd": true
        },
        {
          "type": "Polygon",
          "coordinates": [
            [
              [
                41.798624276720766,
                -1.5307780313244856
              ],
              [
                41.617349862658266,
                -1.780612448673731
              ],
              [
                41.276773690783266,
                -2.1703945411162517
              ],
              [
                40.856546640002016,
                -2.499710257216033
              ],
              [
                40.689005136095766,
                -2.647876026943801
              ],
              [
                40.540689706408266,
                -2.9331815443871654
              ],
              [
                40.469278573595766,
                -3.100490794910588
              ],
              [
                40.254703943719555,
                -3.3070986396126236
              ],
              [
                40.015751307000805,
                -3.5977076552476435
              ],
              [
                39.878422205438305,
                -3.890964279624961
              ],
              [
                39.664188807000805,
                -4.145768251960545
              ],
              [
                39.636722986688305,
                -4.189597355624845
              ],
              [
                39.631229822625805,
                -4.381320471367247
              ],
              [
                39.518619959344555,
                -4.791987509650086
              ],
              [
                39.743839685907055,
                -4.729034048806116
              ],
              [
                39.892155115594555,
                -4.791987509650086
              ],
              [
                39.933353846063305,
                -4.854935172418493
              ],
              [
                39.905888025750805,
                -5.123080204579107
              ],
              [
                39.845463221063305,
                -5.402050407790286
              ],
              [
                39.721867029657055,
                -5.560623685330853
              ],
              [
                39.466434900750805,
                -5.437596346351606
              ],
              [
                39.557072107782055,
                -5.207878454732057
              ],
              [
                39.548832361688305,
                -5.098459241811569
              ],
              [
                39.491154139032055,
                -5.092987788396715
              ],
              [
                39.260441248407055,
                -5.281725682681716
              ],
              [
                39.112125818719555,
                -5.66176025958834
              ],
              [
                39.331852381219555,
                -5.659027069924086
              ],
              [
                39.425236170282055,
                -5.659027069924086
              ],
              [
                39.474674646844555,
                -5.741017112090265
              ],
              [
                39.590031092157055,
                -6.123478683381714
              ],
              [
                39.650455896844555,
                -6.418334332993107
              ],
              [
                39.576298182000805,
                -6.442898042911664
              ],
              [
                39.543339197625805,
                -6.472918739682776
              ],
              [
                39.515873377313305,
                -6.516582019906835
              ],
              [
                39.463688318719555,
                -6.494750853301023
              ],
              [
                39.323612635125805,
                -6.513853175977771
              ],
              [
                39.178043787469555,
                -6.418334332993107
              ],
              [
                39.054447596063305,
                -6.341906345980273
              ],
              [
                39.021488611688305,
                -6.328257294780389
              ],
              [
                39.046207849969555,
                -6.396498929476195
              ],
              [
                39.059940760125805,
                -6.423793037735557
              ],
              [
                39.101139490594555,
                -6.44562727069055
              ],
              [
                39.158817713250805,
                -6.467460563674184
              ],
              [
                39.205509607782055,
                -6.560241499568894
              ],
              [
                39.298893396844555,
                -6.592983600146495
              ],
              [
                39.447208826532055,
                -6.729385623157109
              ],
              [
                39.688908045282055,
                -6.811208499424413
              ],
              [
                39.820743982782055,
                -6.854841671483273
              ],
              [
                39.864689295282055,
                -6.863022447334236
              ],
              [
                39.927860682000805,
                -6.841206733102643
              ],
              [
                39.960819666375805,
                -6.854841671483273
              ],
              [
                39.974552576532055,
                -6.914830756267818
              ],
              [
                39.974552576532055,
                -6.977538473174119
              ],
              [
                39.936100428094555,
                -6.9693596804489975
              ],
              [
                39.908634607782055,
                -6.9230104973539035
              ],
              [
                39.908634607782055,
                -6.882110377320463
              ],
              [
                39.861942713250805,
                -6.879383577120013
              ],
              [
                39.796024744500805,
                -6.871203082601274
              ],
              [
                39.559818689813305,
                -6.843933751946584
              ],
              [
                39.666935389032055,
                -7.023882261549074
              ],
              [
                39.636722986688305,
                -7.089300917534872
              ],
              [
                39.647709314813305,
                -7.4380415056393
              ],
              [
                39.730106775750805,
                -7.5033999216562846
              ],
              [
                39.749332849969555,
                -7.555135041852983
              ],
              [
                39.870182459344555,
                -7.544243951033925
              ],
              [
                39.949833338250805,
                -7.585084124681153
              ],
              [
                39.91550106286018,
                -7.715746532473747
              ],
              [
                39.88528866051643,
                -7.835484968639457
              ],
              [
                39.864689295282055,
                -7.853170695160744
              ],
              [
                39.870182459344555,
                -7.8762970473442815
              ],
              [
                39.845463221063305,
                -7.917105104816191
              ],
              [
                39.826237146844555,
                -7.940227878025499
              ],
              [
                39.81937069176643,
                -7.978309606802791
              ],
              [
                39.80289119957893,
                -8.01910752239008
              ],
              [
                39.669681971063305,
                -8.157789704117453
              ],
              [
                39.62985653161018,
                -8.157789704117453
              ],
              [
                39.653202478875805,
                -8.252935965355505
              ],
              [
                39.658695642938305,
                -8.300500520076449
              ],
              [
                39.620243494500805,
                -8.377950451661103
              ],
              [
                39.60239071129768,
                -8.616996207264386
              ],
              [
                39.58591121911018,
                -8.75275063079535
              ],
              [
                39.62436336754768,
                -8.948149839519608
              ],
              [
                39.65732235192268,
                -9.062084423720027
              ],
              [
                39.63534969567268,
                -9.121750054877943
              ],
              [
                39.64908260582893,
                -9.181405711336573
              ],
              [
                39.65457576989143,
                -9.235629417560613
              ],
              [
                39.66556209801643,
                -9.303397312596266
              ],
              [
                39.64908260582893,
                -9.419927331139816
              ],
              [
                39.70401424645393,
                -9.514748349848574
              ],
              [
                39.73697323082893,
                -9.571628356034678
              ],
              [
                39.74795955895393,
                -9.631206721829807
              ],
              [
                39.76169246911018,
                -9.701603961211369
              ],
              [
                39.77817196129768,
                -9.742211034731842
              ],
              [
                39.82761043786018,
                -9.793639566210551
              ],
              [
                39.86331600426643,
                -9.95328772883175
              ],
              [
                39.95120662926643,
                -10.010092884979832
              ],
              [
                40.22861141442268,
                -10.156117518223073
              ],
              [
                40.47580379723518,
                -10.315586740175297
              ],
              [
                40.57468075036018,
                -10.375029236408698
              ],
              [
                40.55545467614143,
                -10.472274397695433
              ],
              [
                40.64609188317268,
                -10.636981157832427
              ],
              [
                40.73672909020393,
                -10.874433977096356
              ],
              [
                40.75870174645393,
                -10.987697379990811
              ],
              [
                40.73398250817268,
                -11.165594766026341
              ],
              [
                40.69553035973518,
                -11.230257796959792
              ],
              [
                40.70651668786018,
                -11.273358440931192
              ],
              [
                40.71475643395393,
                -11.348769004648494
              ],
              [
                40.73947567223518,
                -11.459155649597637
              ],
              [
                40.67630428551643,
                -11.593715148801373
              ],
              [
                40.67630428551643,
                -12.18231285311185
              ],
              [
                41.38217586754768,
                -12.10444422853494
              ],
              [
                41.45084041832893,
                -12.136668489701442
              ],
              [
                41.46457332848518,
                -12.193051563705234
              ],
              [
                41.45358700036018,
                -12.262842566038753
              ],
              [
                41.41513485192268,
                -12.28162929916005
              ],
              [
                41.37942928551643,
                -12.270894187162869
              ],
              [
                41.35471004723518,
                -12.233317852250428
              ],
              [
                41.31351131676643,
                -12.136668489701442
              ],
              [
                40.68179744957893,
                -12.20915881406298
              ],
              [
                40.63235897301643,
                -12.311148598384184
              ],
              [
                40.66806453942268,
                -12.407733970776212
              ],
              [
                40.72024959801643,
                -12.563268308500296
              ],
              [
                40.579866545732465,
                -13.172298374781944
              ],
              [
                40.588106291826215,
                -13.289939976253093
              ],
              [
                40.623811858232465,
                -13.364773151580632
              ],
              [
                40.577119963701215,
                -13.498346004790347
              ],
              [
                40.632051604326215,
                -13.546413979031572
              ],
              [
                40.629305022294965,
                -13.631844149656299
              ],
              [
                40.678743498857465,
                -14.095825626292049
              ],
              [
                40.799593108232465,
                -14.199693311169657
              ],
              [
                40.840791838701215,
                -14.367378833137888
              ],
              [
                40.909456389482465,
                -14.574815296201484
              ],
              [
                40.871004241044965,
                -14.99440662678498
              ],
              [
                40.711702483232465,
                -15.495242090047514
              ],
              [
                40.417818205888715,
                -15.868094609434964
              ],
              [
                40.332674162919965,
                -15.894512077138064
              ],
              [
                40.02720005996994,
                -16.496506780898898
              ],
              [
                39.32407505996994,
                -17.011982697508223
              ],
              [
                38.82969029434494,
                -17.347858586027968
              ],
              [
                38.87912877090744,
                -17.536519640786928
              ],
              [
                39.06009039076369,
                -17.58637179032242
              ],
              [
                42.30686314590744,
                -15.926837772040084
              ]
            ]
          ],
          "geodesic": true,
          "evenOdd": true
        },
        {
          "type": "Polygon",
          "coordinates": [
            [
              [
                35.69858677871994,
                -20.86892289970481
              ],
              [
                35.27835972793869,
                -21.261066572337043
              ],
              [
                35.37998326309494,
                -21.422235650176543
              ],
              [
                35.43491490371994,
                -21.496364938210295
              ],
              [
                35.50357945450119,
                -21.50658670716974
              ],
              [
                35.52829869278244,
                -21.55513029265893
              ],
              [
                35.52280552871994,
                -21.65727419188275
              ],
              [
                35.53379185684494,
                -21.698111534990634
              ],
              [
                35.57224400528244,
                -22.044759711850975
              ],
              [
                35.55851109512619,
                -22.11093454884705
              ],
              [
                35.59970982559494,
                -22.39310019733248
              ],
              [
                35.57224400528244,
                -22.48195312671535
              ],
              [
                35.57773716934494,
                -22.583429540834945
              ],
              [
                35.58048375137619,
                -22.707636324481935
              ],
              [
                35.62442906387619,
                -22.755767876684402
              ],
              [
                35.64090855606369,
                -22.943065748164603
              ],
              [
                35.61618931778244,
                -22.96835645673816
              ],
              [
                35.61893589981369,
                -23.006283648734968
              ],
              [
                35.61893589981369,
                -23.049254915624857
              ],
              [
                35.53379185684494,
                -23.311838775026576
              ],
              [
                35.48984654434494,
                -23.541175258638408
              ],
              [
                35.59421666153244,
                -23.837961717885065
              ],
              [
                35.55576451309494,
                -24.003665797414598
              ],
              [
                35.44864781387619,
                -24.284372300346956
              ],
              [
                35.41843541153244,
                -24.319417190358717
              ],
              [
                35.50907261856369,
                -24.369464516866934
              ],
              [
                35.78373082168869,
                -24.564459674484933
              ],
              [
                36.03641636856369,
                -24.103988856406062
              ]
            ]
          ],
          "geodesic": true,
          "evenOdd": true
        },
        {
          "type": "Polygon",
          "coordinates": [
            [
              [
                39.625128505929695,
                -21.428559386569138
              ],
              [
                39.677313564523445,
                -21.411939752264843
              ],
              [
                39.72537875007032,
                -21.420889021126765
              ],
              [
                39.79129671882032,
                -21.43111608550238
              ],
              [
                39.792670009835945,
                -21.53845695041051
              ],
              [
                39.729498623117195,
                -21.570388335785534
              ],
              [
                39.680060146554695,
                -21.565279786565693
              ],
              [
                39.63748812507032,
                -21.547398446818264
              ],
              [
                39.608649013742195,
                -21.48990779271337
              ],
              [
                39.28317904303907,
                -21.609973484466106
              ],
              [
                39.29691195319532,
                -21.905878704775787
              ],
              [
                39.92038607428907,
                -21.94791900656521
              ],
              [
                40.262335537179695,
                -21.65082421275186
              ],
              [
                40.18680453132032,
                -21.271236514241853
              ],
              [
                39.32437777350782,
                -21.248199509754883
              ],
              [
                39.257086513742195,
                -21.609973484466106
              ],
              [
                39.375189541085945,
                -21.57166544495745
              ],
              [
                39.410895107492195,
                -21.561448256507013
              ],
              [
                39.61276888678907,
                -21.47712900458712
              ]
            ]
          ],
          "geodesic": true,
          "evenOdd": true
        },
        {
          "type": "Polygon",
          "coordinates": [
            [
              [
                40.30720582961698,
                -22.330090388273106
              ],
              [
                40.37724367141386,
                -22.309763974339596
              ],
              [
                40.41157594680448,
                -22.34152269482265
              ],
              [
                40.41706911086698,
                -22.38216330146559
              ],
              [
                40.39097658157011,
                -22.412635969249553
              ],
              [
                40.34977785110136,
                -22.42279204048779
              ],
              [
                40.31681886672636,
                -22.407557655168326
              ],
              [
                40.29621950149198,
                -22.359304419414624
              ],
              [
                40.27424684524198,
                -22.34914371176578
              ],
              [
                40.00645509719511,
                -22.340252484824
              ],
              [
                39.99958864211698,
                -22.627024721848553
              ],
              [
                40.64640871047636,
                -22.62322190755482
              ],
              [
                40.63679567336698,
                -22.057980363195927
              ],
              [
                40.02430788039823,
                -22.084706048538948
              ],
              [
                40.00096193313261,
                -22.327549748442838
              ],
              [
                40.29621950149198,
                -22.345333255379206
              ]
            ]
          ],
          "geodesic": true,
          "evenOdd": true
        },
        {
          "type": "Polygon",
          "coordinates": [
            [
              [
                42.66777251650283,
                -16.93280914806448
              ],
              [
                42.748796686424704,
                -16.9367503708304
              ],
              [
                42.78038237978408,
                -16.931495388799526
              ],
              [
                42.811968073143454,
                -16.972217658647303
              ],
              [
                42.820207819237204,
                -17.030001841651636
              ],
              [
                42.81883452822158,
                -17.068077118067848
              ],
              [
                42.73918364931533,
                -17.117957100408805
              ],
              [
                42.67875884462783,
                -17.091706142610317
              ],
              [
                42.649919733299704,
                -17.026062577259033
              ],
              [
                42.644426569237204,
                -16.995858796057767
              ],
              [
                42.32170318056533,
                -16.96433661765999
              ],
              [
                42.320329889549704,
                -17.150765588771865
              ],
              [
                42.669145807518454,
                -17.439229242531137
              ],
              [
                43.01384185244033,
                -17.509964586813883
              ],
              [
                43.11821196962783,
                -17.504725874941062
              ],
              [
                43.08799956728408,
                -16.78824078748151
              ],
              [
                42.317583307518454,
                -16.800073256083184
              ],
              [
                42.312090143455954,
                -16.93543663908054
              ],
              [
                42.63481353212783,
                -16.984038599770173
              ]
            ]
          ],
          "geodesic": true,
          "evenOdd": true
        },
        {
          "type": "Polygon",
          "coordinates": [
            [
              [
                43.00710198479654,
                -22.250300912941114
              ],
              [
                43.14717766839029,
                -23.013354162584903
              ],
              [
                43.13619134026529,
                -24.55146144595099
              ],
              [
                43.62508294182779,
                -25.4252583404666
              ],
              [
                44.03707024651529,
                -26.053665227213173
              ],
              [
                45.27577874260904,
                -26.51663006535293
              ],
              [
                46.31398675042154,
                -26.1079372695843
              ],
              [
                47.56642815667154,
                -25.861043810848166
              ],
              [
                47.68453118401529,
                -25.104841982668116
              ],
              [
                47.26979729729654,
                -24.95054343298609
              ],
              [
                47.07204339104654,
                -25.124737327834712
              ],
              [
                46.87978264885904,
                -25.25646208441982
              ],
              [
                46.65181634026529,
                -25.266397790311487
              ],
              [
                46.39913079339029,
                -25.25646208441982
              ],
              [
                46.02834221917154,
                -25.440140810706307
              ],
              [
                45.69051262932779,
                -25.626016301217327
              ],
              [
                45.29775139885904,
                -25.678009750337743
              ],
              [
                44.95717522698404,
                -25.593818531592763
              ],
              [
                44.72096917229654,
                -25.4252583404666
              ],
              [
                44.31722161370279,
                -25.43766052666336
              ],
              [
                44.23757073479654,
                -25.445101225567
              ],
              [
                44.21285149651529,
                -25.402931189321368
              ],
              [
                44.29799553948404,
                -25.390525430599357
              ],
              [
                44.20186516839029,
                -25.283783318873
              ],
              [
                43.99587151604654,
                -25.19931600726672
              ],
              [
                43.90798089104654,
                -24.840923753578394
              ],
              [
                43.71022698479654,
                -24.631380244122198
              ],
              [
                43.56740471917154,
                -24.30138734312753
              ],
              [
                43.53444573479654,
                -23.648893141024143
              ],
              [
                43.60036370354654,
                -23.487774958985344
              ],
              [
                43.45754143792154,
                -23.255822480618704
              ],
              [
                43.14992425042154,
                -22.54740587572995
              ],
              [
                43.11696526604654,
                -22.201993307371094
              ],
              [
                43.17189690667154,
                -21.835333960877346
              ],
              [
                42.87526604729654,
                -21.539283403979677
              ]
            ]
          ],
          "geodesic": true,
          "evenOdd": true
        }
      ],
      "coordinates": []
    });
/***** End of imports. If edited, may not auto-convert in the playground. *****/
///////////////////////////////
// Global coral atlas project - East Africa
// Contact: mitchell.lyons@gmail.com
// Description:
// - Developing a process to combine OBIA and supervised classification
// - This script loads the raw classification data (from *_classification script)
// - Then applied some cleanup and object-based relational rules
///////////////////////////////

// Table of contents
// 1. Setting constants
// 2. Data loads & vis
// 3. OBIA clean up rules
// 4. Export

// Load and libraries needed
var map_palettes = require('users/mitchest/global_reefs:Modules/colour_pals')
var param_module = require('users/mitchest/global_reefs:Modules/reef_params')

// ###########################################
// SENSOR GENERICS
var sensor_params = param_module.dove         //<------------ THIS IS WHERE YOU CHOOSE THE SENSOR
// REGION AND SENSOR SPECIFIC LOAD PATHS
var region_params = param_module.east_africa  //<------------ THIS IS WHERE YOU CHOOSE THE REGION
//  ^^ all the data paths are in this module ^^
// ###########################################

// 1. Setting constants

// These will get written to the asset metadata 

var vars = {
  
  // analysis type
  geomorphic: true, // map geomorphic zonation (when set to true) or benthic habitat (when set to false)

  // analysis parameters
  image_data_scale: ee.Number(sensor_params.pixel),
  small_object_geo: ee.Number(400).int(), // smallest object szie in pixels (geomorphic)
  small_object_benthic: ee.Number(130).int(), // smallest object szie in pixels (benthic)
  smooth_radius: ee.Number(3), // radius in pixels for initial smooth 
  
  //############
  /* This is a stop-gap until we figure out how to chain together vectorisations in GEE
  - GEOMORPHIC: for large regions, the first pass does the small object filter, then the second pass does the OBIA clean
  -           : *in an ideal world* for smaller regions, can do both at once, but not handling that at present
  - BENTHIC : can do both at once
            : production run should have obia_2nd_pass and obia_clean set to true (so it uses best geo map) */
  obia_2nd_pass: true,
  obia_clean: true, // run object-based relationship rules + small object clean up
  fast_clean: false, // run a faster (but less precise) version of the OBIA clean; only applies to geomorphic (`obia_clean: true` also)
  smooth_output: false, // run smoother over final output (includes noise removal) (should be false for second pass)
  //############
  
  // apply any manual touch ups
  manual_clean: true,
  
  // results/layers to show
  export_small_area: false,
  show_eg_area: false, // contrain the map add toe the corresponding example_area polygon geomtery (you can change that)
                              // - you can either set this, or have it false and just navigate to the area you want to see (keeping in mind ALL tiles in the zoom area will calcualte)
  reproject_display: true,
  //reproject_res: ee.Number(sensor_params.pixel).pow(2),
  
  // export options
  do_export: false, // export the results?
  geomorph_output_name: region_params.sname + '_geo-clean3-man',
  benthic_output_name: region_params.sname + '_benthic-clean',
  asset_output: region_params.asset // asset path

}

/*
############################
MANUAL ADDITION
############################
*/


if (vars.manual_clean) {
  
  vars.obia_2nd_pass = true
  vars.obia_clean = false
  vars.fast_clean = false
  vars.smooth_output = false
  vars.do_export = false
  
  print("Doing manual clean ups - make sure this is what you want to do")
  print("Export the manual map, check 'manual' layer and ignore the 'final' map layer")
  
  var depth = ee.Image(region_params.pixels).select('depth')
  Map.addLayer(depth.lt(1000), {}, "10m depth contour", false)
  
  Map.addLayer(waves.lt(0.25), {}, "0.25m Hs95 threshold", false)
  
  // "not reef" extents to be moved over to _datagen script
  var wcmc_buff = wcmc.filterBounds(not_reef).geometry(100).buffer(2000)
  var not_reef_img = ee.Image().byte().paint(ee.Feature(wcmc_buff, {zone: 1}), "zone").clip(not_reef).unmask(0).uint8()
  
  // define the manually edited map
  var man_geo = ee.Image(region_params.geo_map_clean)
  
  // "NOT REEF" CLEAN
  // remove
  man_geo = man_geo.where({
    test: not_reef_img.eq(0),
                  //.and(man_geo.eq(15)),
    value: ee.Image(0)
  })

  
  // WAVE clean (to be integrated into RF classifier)
  // remove
  man_geo = man_geo.where({
    test: waves.lte(0.25)
               .and(man_geo.eq(22)),
    value: ee.Image(21)
  })
  
  // LAND mask clean ############# ---> to be moved to first stage clean up
  var land_mask = mod_land.select('water_mask').mean().eq(0).clip(region_extent)

  var land_mask_buff = ee.Image(1)
    .cumulativeCost({
      source: land_mask, 
      maxDistance: 2000,
      geodeticDistance: false,
    }).lt(2000).unmask(0)
  
  Map.addLayer(land_mask_buff, {}, "Land mask", false)
  
  // reef crest close to land -> ORF
  man_geo = man_geo.where({
    test: land_mask_buff.eq(1)
                        .and(man_geo.eq(15)),
    value: ee.Image(14)
  })
  
  // Add the manual layer to the map
  Map.addLayer(man_geo, map_palettes.geo, 'Manually cleaned GEO', false)
  // Export
  Export.image.toAsset({
    image: man_geo,
    description: vars.geomorph_output_name,
    assetId: vars.asset_output + 'in_out/' + vars.geomorph_output_name,
    region: reef_boundary,
    scale: vars.image_data_scale,
    crs: 'EPSG:4326',
    maxPixels: 1e13,
    pyramidingPolicy: {'.default': 'mode'}
  })
  
  
}
/*
############################
*/

/* TRIAL #######
    Looks like with the sentinel/ls8 depth we can try to retain full resolution,
    because theres more (good) data either side of the depth threshold/marginal areas
  ##############
  
  Used to be --> output resolution (bigger for geomorphic) - relates back to object size and the min mapping unit defined in classification stage
*/
//if (vars.geomorphic) vars.image_data_scale = ee.Number(sensor_params.pixel)//.pow(2)



// 2. Data loads & vis

// load input data
if (vars.obia_2nd_pass) {
  // if it's 2nd pass, you want to make sure you're loading the latest geo clean map
  // - could change the path in reef_params to a list, check if it length is > 1, then take last element??
  
  // OR run a separate operation that joins the east/west clean1 maps via EPSG:3832, load via one ee.Image(), then save here as EPSG:4326
  //var geo_map = geo1.unmask(0, false).add(geo2.unmask(0,false)).selfMask().clip(swp_extent)
  
  var geo_map = ee.Image(region_params.geo_map_clean)
} else {
  //print(ee.List(region_params.geo_map).length())
  if (ee.List(region_params.geo_map).length().getInfo() > 1) {
    var geo_map = ee.Image(region_params.geo_map[0]).unmask(0, false)
             .add(ee.Image(region_params.geo_map[1]).unmask(0,false))
             .selfMask().clip(reef_boundary)
  } else {
    var geo_map = ee.Image(region_params.geo_map).clip(reef_boundary)
  }
}

//var benthic_map = (vars.obia_2nd_pass) ? ee.Image(region_params.benthic_map_clean) : ee.ImageCollection(region_params.benthic_map).mosaic()
//var benthic_map = ee.Image(region_params.benthic_map)

if (ee.List(region_params.benthic_map).length().getInfo() > 1) {
    var benthic_map = ee.Image(region_params.benthic_map[0]).unmask(0, false)
             .add(ee.Image(region_params.benthic_map[1]).unmask(0,false))
             .selfMask().clip(reef_boundary)
} else {
    var benthic_map = ee.Image(region_params.benthic_map)
}


var depth = ee.Image(region_params.pixels).select('depth')
var image = ee.Image(region_params.image)

var display_pal = (vars.geomorphic) ? map_palettes.geo : map_palettes.benthic
//Map.centerObject(eg_area, 11)
Map.addLayer(depth, {min:0, max:2500}, 'Depth data', false)
Map.addLayer(image, {bands: ['b3','b2','b1'], min:200, max:1200}, 'Dove low tide', false)

if (vars.geomorphic) {
  if (vars.obia_2nd_pass) {
    if (ee.List(region_params.geo_map).length().getInfo() > 1) {
      var geo_map_display = ee.Image(region_params.geo_map[0]).unmask(0, false)
                       .add(ee.Image(region_params.geo_map[1]).unmask(0,false))
                       .selfMask().clip(reef_boundary)
    } else {
    var geo_map_display = ee.Image(region_params.geo_map).clip(reef_boundary)
    }
    Map.addLayer(geo_map_display, display_pal, 'Raw GEO classification', false)
  } else {
    Map.addLayer(geo_map, display_pal, 'Raw GEO classification', false)
  }
}
if (!vars.geomorphic) {
  Map.addLayer(geo_map, map_palettes.geo, 'Clean GEO classification', false)
  Map.addLayer(benthic_map, display_pal, 'Raw BENTHIC classification', false)
}

// 3. Object-based re-classificaiton and cleaning

/*

// if we want to retain the land/waves flags, need to add them in before makign the mask

######## Not that straight forwards - the land and bright masks are a LOT of not land and not breakign waves... =(

// add in land, for geomorphic clean up rules
  geo_map = geo_map.unmask(0).where({
    test: depth.eq(-2).and(globcover.select('landcover').neq(210)),
    value: ee.Image(1)
  })
  
  // change -3 to reef rim, hope that clouds have been handleded by masking
  geo_map = geo_map.unmask(0).where({
    test: depth.eq(-3),
    value: ee.Image(15)
  })
  
  // remask
  geo_map = geo_map.updateMask(geo_map.gt(0))

*/

/* OUTPUT EXTENT
  - to the mapping extent just so it doesn't balloon out
  - to the 'reef boundary' extent for noise/deep removal
*/  
var class_extent_mask = geo_map.gt(0).clip(reef_boundary)


/*

########
Initial small object clean
 - this was originally at the end, but we needed to massively reduce the number of objects to 
   iterate through in the OBIA cleaning, so this happens first now
 - future collabs with google might fix this, but need to change the parallel serialisation of vector procesing
 
 - includes a possible special case for:
      - geomorphic to clean up turbid areas over size threshold; fix shallow vs. deep lagoon
      - benthic to allow breaking waves (temporal class) to grow into surrounding class
########

*/

if (vars.geomorphic && !vars.obia_2nd_pass) {
  
  // make a smooth map with masked area as a value
  var smooth_map = geo_map
                      //.unmask(99)
                      .focal_mode({
                        radius: vars.smooth_radius, // relates to smoothness required
                        kernelType: 'circle', units: 'pixels', iterations: 2
                      })
  //smooth_map = smooth_map.updateMask(smooth_map.neq(99)).updateMask(class_extent_mask)
  
  //replace small objects with smooth underneath
  var clean_map = geo_map.where({
    test: geo_map.connectedPixelCount(vars.small_object_geo, false).lt(vars.small_object_geo), 
    value: smooth_map
  //}).updateMask(smooth_map.neq(99)).updateMask(class_extent_mask)
  }).updateMask(class_extent_mask)
  
  // shallow lagoon > 5m == deep lagoon
  clean_map = clean_map.where({
    test: clean_map.eq(11)
                   .and(depth.gt(500)),
    value: ee.Image(12)
  })
  
  /*// deep lagoon == deep (to hard to differentiate deep water vs. deep lagoon effectively over large areas)
  clean_map = clean_map.where({
    test: clean_map.eq(12),
    value: ee.Image(2)
  })*/
  
  // deep water in depth data == deep (s2 + ls8 data should be good enough for this)
  clean_map = clean_map.where({
    test: depth.gt(2000),
    value: ee.Image(2)
  })
  
  
  /*//CLEAN UP SMALL (but slightly larger) TURBID AREAS
  var smooth_noturbid = clean_map
                          .updateMask(clean_map.neq(3))
                          .focal_mode({
                            radius: vars.smooth_radius.multiply(1.5),
                            kernelType: 'circle', units: 'pixels', iterations: 2
                          })
  
  clean_map = clean_map.where({
    test: clean_map.eq(3).connectedPixelCount(vars.small_object_geo.multiply(10), false).lt(vars.small_object_geo.multiply(10)), 
    value: smooth_noturbid
  }).updateMask(class_extent_mask)*/
}


if (!vars.geomorphic) {
  
  // make a smooth map with masked area as a value, and without temporal class (basically breaking waves)
  var smooth_map = benthic_map
                      //.unmask(99)
                      .focal_mode({
                        radius: vars.smooth_radius, // relates to smoothness required
                        kernelType: 'circle', units: 'pixels', iterations: 1
                      })
  //smooth_map = smooth_map.updateMask(smooth_map.neq(99)).updateMask(class_extent_mask)
  
  //replace small objects with smooth underneath
  var clean_map = benthic_map.where({
    test: benthic_map.connectedPixelCount(vars.small_object_benthic, false).lt(vars.small_object_benthic),
    value: smooth_map
  //}).updateMask(smooth_map.neq(99)).updateMask(class_extent_mask)
  }).updateMask(class_extent_mask)
  
  
  /*// CLEAN UP ALL TEMPORAL AREAS
  var smooth_notemp = benthic_map
                          .updateMask(benthic_map.neq(2))
                          .focal_mode({
                            radius: vars.smooth_radius.multiply(2),
                            kernelType: 'circle', units: 'pixels', iterations: 3
                          })
  
  
  clean_map = clean_map1.where({
    test: benthic_map.eq(2), 
    value: smooth_notemp
  }).updateMask(clean_map1.gte(0))
  
  // this catches any left over unmasked temporal, and assigned it back to temporal
  clean_map = clean_map.where({
    test: clean_map.unmask(99).eq(99).and(clean_map1.eq(2)),
    value: ee.Image(2)
  })*/
  
}



if (vars.geomorphic && vars.obia_2nd_pass) {
  var clean_map = geo_map
}

Map.addLayer(clean_map.reproject(ee.Projection('EPSG:4326').atScale(ee.Number(vars.image_data_scale))), display_pal, 'Initial smooth classification', false)

if (vars.obia_clean) {
  
  if (vars.geomorphic && !vars.fast_clean) { // SHOULD TRY TO PUT THIS OUT TO A MODULE TO KEEP THE RULES THE SAME EVERYWEHRE?
    
    // #########
    // THE PLAN - vectorise one/few class/es at a time, thus only spending resources on what is actually needed to clean up
    // #########
    
    // FUNCTION that maps over feature colleciton and assigns neighbour percentages
    var set_neighbour_properties = function(f) {
      // make the 1px buffer
      var diff = f.buffer(vars.image_data_scale).difference(f, ee.ErrorMargin(0.5))
      // reduce the classes in the buffer zone
      var diff_classes = ee.Dictionary(
        clean_map.unmask(ee.Image(0)).reduceRegion({
          reducer: ee.Reducer.frequencyHistogram(),
          geometry: diff.geometry(),
          scale: vars.image_data_scale,
          maxPixels: 1e11
        }).get('classification')
      )
      // calculate the percentages
      var diff_sum = diff_classes.toArray().reduce(ee.Reducer.sum(), [0]).get([0])
      var diff_percs = diff_classes.map(function(k,v){return(ee.Number(v).divide(diff_sum).multiply(100).toUint8())})
      
      /* NOW, we can try to do the class logic right here (see /users/mitchest/global_reefs/obia_dev),
         or we can return the neighbour % and do image logic via (painted) rasters */
      
      return(f.set(diff_percs))
    }
    
    // FUNCTION to reduce the map to vectors and map the neighbour properties function
    var reduce_neighbours = function() {
      // reduce map to vectors
      var map_fc = clean_map
            .updateMask(segment_id).updateMask(clean_map.eq(classn)) // only vectorise class/es of interest
            .reduceToVectors({
              scale: vars.image_data_scale, 
              eightConnected: false,
              bestEffort: true, 
              maxPixels: 1e13,
              tileScale: 1,
              geometry: reef_boundary
            })
      // map the function, calculate neighbour properties
      return(map_fc.map(set_neighbour_properties))
    }
    
    // first make a make size threshold, so we're not vecortising huge objects when we don't have to
    var segment_id = clean_map.connectedComponents(ee.Kernel.plus(1),vars.small_object_geo.sqrt()).select('labels')
    //Map.addLayer(segment_id.reproject(ee.Projection('EPSG:4326').atScale(ee.Number(vars.image_data_scale))))
    Map.addLayer(clean_map.updateMask(segment_id).reproject(ee.Projection('EPSG:4326').atScale(ee.Number(vars.image_data_scale))), display_pal, 'Map objects to be iterated through (OBIA)', false)
    
    // This is where we select the single or group of classes to vectorise for cleaning up
    //var classn = ee.Number(15) // one class
    var classn = clean_map.where({
      test: clean_map.neq(16) //TRF
              .and(clean_map.neq(15)) //RR
              .and(clean_map.neq(14)) //ORF
              .and(clean_map.neq(13)) //IRF
              //.and(clean_map.neq(12)) // deep L
              .and(clean_map.neq(11)), // shallow L 
      value: ee.Image(99) // 99 ensures it's ignored in logic
    })
    
    // Minimum size of object to reclass based on neighbourhood
    var max_size = ee.Number(1000).divide(vars.image_data_scale).pow(2) // the first number is the square dimension of the desired min size
    // calculate neighbours
    var map_fc_neighbours = reduce_neighbours()
    
    // #########
    // REEF RIM
    // #########
    
    var focus_class = ee.Number(15) //RR
    
    // start the object-based neighbourhood rules
    // paint out to rasters (only paint the layers needed)
    var objsize = ee.Image(30000).paint(map_fc_neighbours, 'count').rename('count')
    //var nb24 = ee.Image().byte().paint(map_fc_neighbours, '24').unmask(0).rename('nb24') //OCL
    var nb22 = ee.Image().byte().paint(map_fc_neighbours, '22').unmask(0).rename('nb22') //SL ex
    var nb21 = ee.Image().byte().paint(map_fc_neighbours, '21').unmask(0).rename('nb21') //Sl sh
    var nb16 = ee.Image().byte().paint(map_fc_neighbours, '16').unmask(0).rename('nb16') //TRF
    var nb15 = ee.Image().byte().paint(map_fc_neighbours, '15').unmask(0).rename('nb15') //RR
    var nb14 = ee.Image().byte().paint(map_fc_neighbours, '14').unmask(0).rename('nb14') //ORF
    var nb13 = ee.Image().byte().paint(map_fc_neighbours, '13').unmask(0).rename('nb13') //IRF
    //var nb3 = ee.Image().byte().paint(map_fc_neighbours, '3').unmask(0).rename('nb3') //Turbid
    
    // RR surrounded by ORF --> ORF
    clean_map = clean_map.where({
      test: clean_map.eq(focus_class)
              .and(nb14.gt(75)),
      value: ee.Image(14)
    })
    
    // RR surrounded by IRF --> IRF
    clean_map = clean_map.where({
      test: clean_map.eq(focus_class)
              .and(nb13.gt(75)),
      value: ee.Image(13)
    })
    
    // RR surrounded by IRF + ORF --> IRF
    clean_map = clean_map.where({
      test: clean_map.eq(focus_class)
              .and(nb13.add(nb14).gt(75)),
      value: ee.Image(13)
    })
    
    // RR with decent border to TRF --> TRF (often dark, probably seagrass)
    clean_map = clean_map.where({
      test: clean_map.eq(focus_class)
              .and(nb16.gt(40)),
      value: ee.Image(16)
    })
    
    /*// RR surrounded by OCL --> OCL
    clean_map = clean_map.where({
      test: clean_map.eq(focus_class)
              .and(nb24.gt(75)),
      value: ee.Image(24)
    })*/
    
    /* with 2nd/3rd pass method, we don't really need this
    // RR surrounded by IRF + ORF --> IRF
    clean_map = clean_map.where({
      test: clean_map.eq(focus_class)
              .and(nb13.lte(75).and(nb14.lte(75))) // to ensure we're no re-writing previous rules
              .and(nb13.add(nb14).gt(75))
              .and(nb21.add(nb22).lte(0)), // to not get rid of complex reef rims (if touching slope, it's probably RR)
      value: ee.Image(13) // could try assigning to a place-holder, then deal with at the end?
    })*/
    
    /*// small RR objects touching OCL + stuff --> ORF
    clean_map = clean_map.where({
      test: clean_map.eq(focus_class)
              .and(objsize.lte(max_size))
              .and(nb13.lte(75).and(nb14.lte(75))) // to ensure we're no re-writing previous rules
              .and(nb24.gt(1)),
      value: ee.Image(14)
    })*/
    
    // ####
    // ORF
    // ####
    
    focus_class = ee.Number(14) // ORF
    
    //classn = ee.Number(14)
    //map_fc_neighbours = reduce_neighbours()
    //var nb22 = ee.Image().byte().paint(map_fc_neighbours, '22').unmask(0).rename('nb22') //SL ex
    //var nb21 = ee.Image().byte().paint(map_fc_neighbours, '21').unmask(0).rename('nb21') //Sl sh
    //nb15 = ee.Image().byte().paint(map_fc_neighbours, '15').unmask(0).rename('nb15') //RR
    //nb13 = ee.Image().byte().paint(map_fc_neighbours, '13').unmask(0).rename('nb13') //IRF
    //var nb1 = ee.Image().byte().paint(map_fc_neighbours, '1').unmask(0).rename('nb1') //Land
    
    // ORF surrounded by IRF --> IRF
    clean_map = clean_map.where({
      test: clean_map.eq(focus_class)
              .and(nb13.gt(75)),
      value: ee.Image(13)
    })
    
    // ORF surrounded by TRF --> TRF
    clean_map = clean_map.where({
      test: clean_map.eq(focus_class)
              .and(nb16.gt(75)),
      value: ee.Image(16)
    })
    
    // ORF surrounded by RR --> RR
    clean_map = clean_map.where({
      test: clean_map.eq(focus_class)
              .and(nb15.gt(85)),
      value: ee.Image(15)
    })
    
    // ORF touching slope and RR --> RR
    clean_map = clean_map.where({
      test: clean_map.eq(focus_class)
              .and(nb21.gt(0).or(nb22.gt(0)))
              .and(nb15.gt(0)),
      value: ee.Image(15)
    })
    
    /*// ORF touching land --> TRF
    clean_map = clean_map.where({
      test: clean_map.eq(focus_class)
              .and(nb1.gt(10)),
      value: ee.Image(16)
    })*/
    
    // ####
    // IRF
    // ####
    
    focus_class = ee.Number(13) // IRF
    
    //classn = ee.Number(13)
    //map_fc_neighbours = reduce_neighbours()
    //nb15 = ee.Image().byte().paint(map_fc_neighbours, '15').unmask(0).rename('nb15') //RR
    //nb14 = ee.Image().byte().paint(map_fc_neighbours, '14').unmask(0).rename('nb14') //ORF
    
    // IRF surrounded by ORF --> ORF
    clean_map = clean_map.where({
      test: clean_map.eq(focus_class)
              .and(nb14.gt(75)),
      value: ee.Image(14)
    })
    
    // IRF surrounded by TRF --> TRF
    clean_map = clean_map.where({
      test: clean_map.eq(focus_class)
              .and(nb16.gt(75)),
      value: ee.Image(16)
    })
    
    // IRF surrounded by RR --> RR
    clean_map = clean_map.where({
      test: clean_map.eq(focus_class)
              .and(nb15.gt(85)),
      value: ee.Image(15)
    })
    
    /*// IRF touching land --> TRF
    clean_map = clean_map.where({
      test: clean_map.eq(focus_class)
              .and(nb1.gt(10)),
      value: ee.Image(16)
    })*/
    
    // ####
    // TRF
    // ####
    
    focus_class = ee.Number(16) // TRF
    
    //classn = ee.Number(16)
    //map_fc_neighbours = reduce_neighbours()
    //nb15 = ee.Image().byte().paint(map_fc_neighbours, '15').unmask(0).rename('nb15') //RR
    //nb14 = ee.Image().byte().paint(map_fc_neighbours, '14').unmask(0).rename('nb14') //ORF
    //nb13 = ee.Image().byte().paint(map_fc_neighbours, '13').unmask(0).rename('nb13') //IRF
    
    // TRF surrounded by ORF --> ORF
    clean_map = clean_map.where({
      test: clean_map.eq(focus_class)
              .and(nb14.gt(75)),
      value: ee.Image(14)
    })
    
    // TRF surrounded by IRF --> IRF
    clean_map = clean_map.where({
      test: clean_map.eq(focus_class)
              .and(nb13.gt(75)),
      value: ee.Image(13)
    })
    
    // TRF surrounded by IRF + ORF --> IRF
    clean_map = clean_map.where({
      test: clean_map.eq(focus_class)
              .and(nb13.add(nb14).gt(75)),
      value: ee.Image(13)
    })
    
    /*// TRF not touching land --> IRF
    clean_map = clean_map.where({
      test: clean_map.eq(focus_class)
              .and(nb1.lt(10)),
      value: ee.Image(13)
    })*/
    
    
    // ####
    // LAGOONS
    // ####
    
    var nb11 = ee.Image().byte().paint(map_fc_neighbours, '11').unmask(0).rename('nb11') // shallow lag
    //var nb12 = ee.Image().byte().paint(map_fc_neighbours, '12').unmask(0).rename('nb12') //deep lag
    
    // DL touching SL --> SL
    /* 
    This is a stop-gap until we have better depth product - below are the rules we want,
    but too much band-aiding is required to make it work, so for the moment just err on the side
    of shallow lagoon when it's mixed.
    */
    /*clean_map = clean_map.where({
      test: clean_map.eq(12)
              .and(nb11.gt(0)),
      value: ee.Image(11)
    })*/
    
    /*// SL sourrounded by DL --> DL
    clean_map = clean_map.where({
      test: clean_map.eq(11)
              .and(nb12.gt(75)),
      value: ee.Image(12)
    })*/
    
    /*// DL sourrounded by SL --> SL
    clean_map = clean_map.where({
      test: clean_map.eq(12)
              .and(nb11.gt(75)),
      value: ee.Image(11)
    })*/
    
    /*// DL/SL surrounded by IRF --> IRF
    clean_map = clean_map.where({
      test: clean_map.eq(11).or(clean_map.eq(12))
              .and(objsize.lte(max_size))
              .and(nb13.gt(80)),
      value: ee.Image(13)
    })*/
    
    // SL surrounded by IRF --> IRF
    clean_map = clean_map.where({
      test: clean_map.eq(11)
              .and(objsize.lte(max_size))
              .and(nb13.gt(80)),
      value: ee.Image(13)
    })
    
    /*// DL/SL touching OCL --> OCL
    clean_map = clean_map.where({
      test: clean_map.eq(11).or(clean_map.eq(12))
              .and(nb24.gt(0)),
      value: ee.Image(24)
    })*/
    
    
    /*// ####
    // Turbid
    // ####
    
    focus_class = ee.Number(3) // turbid
    
    // Turb surrounded by IRF --> IRF
    clean_map = clean_map.where({
      test: clean_map.eq(focus_class)
              .and(nb13.gt(75)),
      value: ee.Image(13)
    })
    
    // Turb surrounded by ORF --> ORF
    clean_map = clean_map.where({
      test: clean_map.eq(focus_class)
              .and(nb14.gt(75)),
      value: ee.Image(14)
    })
    
    // Turb surrounded by TRF --> TRF
    clean_map = clean_map.where({
      test: clean_map.eq(focus_class)
              .and(nb16.gt(75)),
      value: ee.Image(16)
    })*/
  
  } else if (vars.geomorphic && vars.fast_clean) {
    print("Executing the fast version OBIA")
    
    /* fast version of the geo clean up
      - blanket version assigns the underlying most common in neighbourhood
      - mode OBIA version iterates through objects+buffers but take the mode instead of doing the class percs, to see if that speeds things up
    */
    
    
    //############
    //# blanket version
    //############
    // make a very smooth map to capture the broader neighbourhood
    var smooth_map = clean_map
                        .focal_mode({
                          radius: vars.smooth_radius.multiply(3), // relates to smoothness required
                          kernelType: 'circle', units: 'pixels', iterations: 2
                        })
    
    
    // first make a make size threshold, so we're not vectorising huge objects when we don't have t
    // - the unmask(99) captures small no data values/ data gaps
    var segment_id = clean_map.unmask(0).connectedComponents(ee.Kernel.plus(1),vars.small_object_geo.sqrt().multiply(2)).select('labels').pow(2).log().int()
    Map.addLayer(clean_map.unmask(0).updateMask(segment_id.gt(0)).reproject(ee.Projection('EPSG:4326').atScale(ee.Number(vars.image_data_scale))), display_pal, 'Map objects to be iterated through (OBIA)', false)
    
    
    // replace small objects with smooth underneath
    var clean_map = clean_map.unmask(0).where({
      test: segment_id.gt(0), 
      value: smooth_map
    }).selfMask()
    //############
    //############
    
    
    /*    
    //############
    //# mode OBIA version
    //############
    
    // #########
    // THE FASTER PLAN - vectorise one/few class/es at a time, thus only spending resources on what is actually needed to clean up
    //                 - BUT, just assign the mode of the neighbours, so save resouces even further??
    // #########
    
    // FUNCTION that maps over feature colleciton and assigns neighbour percentages
    var set_neighbour_mode = function(f) {
      // make the 1px buffer
      var diff = f.buffer(vars.image_data_scale).difference(f, ee.ErrorMargin(0.5))
      // reduce the classes in the buffer zone
      var diff_mode = ee.Number(ee.Dictionary(
        clean_map.unmask(ee.Image(0)).reduceRegion({
          reducer: ee.Reducer.mode(),
          geometry: diff.geometry(),
          scale: vars.image_data_scale,
          maxPixels: 1e11
        })).get('classification'))
      
      return(f.set('mode',diff_mode))
    }
    
    // FUNCTION to reduce the map to vectors and map the neighbour properties function
    var reduce_neighbours_mode = function() {
      // reduce map to vectors
      var map_fc = clean_map.unmask(0)
            .updateMask(classn.gt(0)) // only vectorise class/es of interest
            .reduceToVectors({
              scale: vars.image_data_scale, 
              eightConnected: false,
              bestEffort: true, 
              maxPixels: 1e13,
              tileScale: 1,
              geometry: reef_boundary
            })
      // map the function, calculate neighbour properties
      return(map_fc.map(set_neighbour_mode))
    }
    
    // first make a make size threshold, so we're not vecortising huge objects when we don't have to
    var segment_id = clean_map.unmask(0).connectedComponents(ee.Kernel.plus(1),vars.small_object_geo.sqrt()).select('labels')
    Map.addLayer(clean_map.unmask(0).updateMask(segment_id.gt(0)).reproject(ee.Projection('EPSG:4326').atScale(ee.Number(vars.image_data_scale))), display_pal, 'Map objects to be iterated through (OBIA)', false)
    
    // This is where we select the single or group of classes to vectorise for cleaning up
    var classn = segment_id.where({
      test: clean_map.neq(16) //TRF
              .and(clean_map.neq(15)) //RR
              .and(clean_map.neq(14)) //ORF
              .and(clean_map.neq(13)) //IRF
              //.and(clean_map.neq(12)) // deep L
              .and(clean_map.neq(11)) // shallow L 
              .and(clean_map.unmask(0).neq(0)), // no data values (want to reclaim the small gaps 
      value: ee.Image(0) // 99 ensures it's ignored in logic
    })
    
    // calculate neighbours
    var map_fc_neighbours = reduce_neighbours_mode()
    
    //print(map_fc_neighbours.limit(10))
    
    var mode_map = ee.Image().byte().paint(map_fc_neighbours, 'mode').unmask(0).rename('mode') // paint out the mode values to an image
    //Map.addLayer(mode_map, display_pal, "mode map", false)
    
    // replace small objects with mode underneath
    var clean_map = clean_map.unmask(0).where({
      test: segment_id.gt(0), 
      value: mode_map
    }).selfMask()
    
    //############
    //############
    */
    
  } else {
    
    // BENTHIC CLEAN-UP RULES
    
    
    // reclaim shallow no data to surrounding class
    var smooth_map = clean_map
                        .focal_mode({
                          radius: vars.smooth_radius.multiply(3), // relates to smoothness required
                          kernelType: 'circle', units: 'pixels', iterations: 2
                        })
    
    var clean_map = clean_map.unmask(0).where({
      test: geo_map.gt(2).and(clean_map.eq(0)), 
      value: smooth_map
    }).selfMask()
    
    // cut benthic off to < 10 m
    clean_map = clean_map.where({
      test: depth.gt(1000),
      value: ee.Image(0)
    })
    
    // Deep (or land or missing) in geo == masked from benthic
    clean_map = clean_map.where({
      test: geo_map.unmask(0).lte(2),
      value: ee.Image(0)
    })
    
    /*// Deep lagoon in geo == masked from benthic
    clean_map = clean_map.where({
      test: geo_map.eq(12),
      value: ee.Image(0)
    })*/
    
    /*// turbid in geo == turbid (temporal - class num 2)
    // ############## ---> need to decide here whether to push geo turbid through regardless of benthic class
    clean_map = clean_map.where({
      test: geo_map.eq(3),
      value: ee.Image(2)
    })*/
    
    /*
    // Ignore in benthic + ORF in geo == rock
    clean_map = clean_map.where({
      test: clean_map.eq(0)
                     .and(geo_map.eq(14)),
      value: ee.Image(13)
    })
    
    // Ignore in benthic + IRF in geo == sand
    clean_map = clean_map.where({
      test: clean_map.eq(0)
                     .and(geo_map.eq(13)),
      value: ee.Image(11)
    })
    
    // Ignore in benthic + TRF in geo == sand
    clean_map = clean_map.where({
      test: clean_map.eq(0)
                     .and(geo_map.eq(16)),
      value: ee.Image(11)
    })
    
    // Ignore in benthic + RR in geo == rock
    */
    
    // seagrass in benthic + ORF or RR in geo == coral/algae
    clean_map = clean_map.where({
      test: clean_map.eq(14)
                     .and(geo_map.eq(14).or(geo_map.eq(15)).or(geo_map.eq(21)).or(geo_map.eq(22))),
      value: ee.Image(15)
    })
    
    // ####--> CR: "Seagrass neighbouring deep water or no data not shallow a rock or coral algae class"
    
    // coral or algae in benthic + TRF in geo == seagrass
    clean_map = clean_map.where({
      test: clean_map.eq(16)
                     .and(geo_map.eq(16)),
      value: ee.Image(14)
    })
    
    // BMA in benthic and slope/plat in geo == sand
    clean_map = clean_map.where({
      test: clean_map.eq(18)
                     .and(geo_map.eq(2).or(geo_map.eq(12)).or(geo_map.eq(21)).or(geo_map.eq(22)).or(geo_map.eq(23))),
      value: ee.Image(11)
    })
    
    
  }
  
/*  // ####
  // Final small object clean (safety net for oddities with scaling and border buffers??)
  // ####
  
  var clean_size = (vars.geomorphic) ? vars.small_object_geo : vars.small_object_benthic
  
  var map_vsmooth = clean_map
                        .focal_mode({
                          radius: 10, // relates to smoothness required
                          kernelType: 'circle', units: 'pixels', iterations: 1
                        })
                        .updateMask(class_extent_mask)
  
  clean_map = clean_map.where({
    test: clean_map.connectedPixelCount(clean_size, false).lt(clean_size), 
    value: map_vsmooth
  })*/

}

// final smooth
if (vars.smooth_output) {
  // smooth the output lightly to make nice edges, and get rid of noise
  var noise_smooth = clean_map.unmask(99) // unmasking to a value allows us to include masked areas in the smooth, then re-mask after
                        .focal_mode({
                          radius: 2, // relates to smoothness required
                          kernelType: 'circle', units: 'pixels', iterations: 2
                        })
  clean_map = clean_map.updateMask(noise_smooth.neq(99)).updateMask(clean_map.gt(1)) // this ignores 0/land; make it .gt(2) if you want to mask deep too
} else {
  // just clip to the classified extent and move on
  if (vars.geomorphic) {
    clean_map = clean_map.updateMask(clean_map.gt(1)) // this ignores 0/land; make it .gt(2) if you want to mask deep too
  } else {
    clean_map = clean_map.updateMask(clean_map.gt(1)) // this ignores 0/land; make it .gt(2) if you want to mask deep too
  }
  
}


// 4. Export data

var output_name = (vars.geomorphic) ? vars.geomorph_output_name : vars.benthic_output_name


if (vars.do_export) {
  print("For export, the image data scale must be set to:", vars.image_data_scale)
  
  if (vars.export_small_area) {
    var export_convhull = export_small
  } else {
    //var export_convhull = clean_map.gt(2).reduceToVectors({scale: 1000, maxPixels: 1e13, bestEffort: true, geometry: region_extent, crs: "EPSG:4326"}).geometry().convexHull({maxError: 100})
    var export_convhull = reef_boundary
  }
  Map.addLayer(export_convhull, {}, "Export footprint", true)
  Export.image.toAsset({
    image: clean_map.set(vars),
    description: output_name,
    assetId: vars.asset_output + 'in_out/' + output_name,
    region: export_convhull,
    //scale: vars.image_data_scale,
    scale: 5,
    crs: 'EPSG:4326',
    maxPixels: 1e13,
    pyramidingPolicy: {'.default': 'mode'}
  })
  /*Export.image.toCloudStorage({
    image: clean_map,//.set(vars),
    description: 'swp_geo_clean',
    bucket: 'mitchest_unet_bucket',
    fileNamePrefix: 'swp_geo_clean',
    region: export_convhull,
    scale: 25,
    crs: 'EPSG:4326',
    maxPixels: 1e13
  })*/
  
  
} else {
  if (vars.show_eg_area) {
    if (vars.reproject_display) {
      Map.addLayer(clean_map.clip(eg_area).reproject(ee.Projection('EPSG:4326').atScale(vars.image_data_scale)), display_pal, output_name + '_final', false)
    } else {
      Map.addLayer(clean_map.clip(eg_area), display_pal, output_name + '_final', false)
    }
  } else {
    if (vars.reproject_display) {
      Map.addLayer(clean_map.reproject(ee.Projection('EPSG:4326').atScale(vars.image_data_scale)), display_pal, output_name + '_final', false)
    } else {
      Map.addLayer(clean_map, display_pal, output_name + '_final', false)
    }
  }
}
