/**** Start of imports. If edited, may not auto-convert in the playground. ****/
var wcmc = ee.FeatureCollection("projects/coral_atlas/global_datasets/wcmc_reefs_2018v4_dissolved"),
    artifact_layer = 
    /* color: #98ff00 */
    /* shown: false */
    ee.Geometry.MultiPolygon(
        [[[[133.87823474549796, -0.4089792032861279],
           [133.63653552674796, -1.2987640172814356],
           [134.26275622987296, -2.901638046434227],
           [135.18560779237296, -3.680374916452446],
           [135.93267810487296, -3.384307934312925],
           [136.67974841737296, -2.7370426506771937],
           [141.32696521424796, -3.1759097861941235],
           [143.4279701191011, -4.259070182025207],
           [145.6691810566011, -5.8786331785618025],
           [146.5480873066011, -6.490284053493718],
           [146.8776771503511, -7.798378392835013],
           [147.6906654316011, -8.559593192736711],
           [148.4816810566011, -7.515281003123185],
           [149.31140410379453, -6.323085296945845],
           [148.7783119159761, -5.829452527797415],
           [148.11862548736215, -5.198240891526597],
           [147.2951576191011, -5.003695852147759],
           [146.5920326191011, -3.9084008385224744],
           [142.7687904316011, -2.043326425476854],
           [136.8361732441011, -0.13213848083636925],
           [135.2101966816011, 0.1974508549526587],
           [134.3532630878511, 0.17547831519620935]]],
         [[[151.68811485734636, -4.985234424733032],
           [151.46289513078386, -4.547302031346837],
           [150.85864708390886, -4.667761071909342],
           [150.7075727286196, -4.971498668283573],
           [150.91907188859636, -5.20956328424697],
           [151.22119591203386, -5.2150337336424],
           [151.31457970109636, -5.154856179259612]]],
         [[[148.29333946672136, -5.269735597524267],
           [148.47461388078386, -5.559573881564838],
           [149.94678184953386, -5.625178101912731],
           [149.95227501359636, -5.4556856112092955],
           [149.67761681047136, -5.182210323933331],
           [148.50757286515886, -5.258795608490538]]],
         [[[146.62545668014764, -9.323205761348502],
           [147.1268874846443, -9.964479081696203],
           [147.24636380300367, -9.937426456319757],
           [148.33456133245576, -10.613918906105498],
           [149.76635281667555, -10.691333794802919],
           [149.85911547007052, -10.675462965874859],
           [149.91339687081734, -10.57050003636133],
           [150.06985013112867, -10.275421525503225],
           [147.90966336355055, -9.611268046705264],
           [147.67895047292555, -9.546269125326358],
           [147.3356277190193, -9.482612329450294],
           [147.04723660573805, -9.313255047750458],
           [146.90029446706617, -9.10042611147292],
           [146.82751004323805, -9.147883128872149]]],
         [[[149.55726869828914, -9.337101862913343],
           [149.78932470327902, -9.376472633830232],
           [150.08735903032036, -9.285604413423018],
           [150.7712579561016, -9.15818355275302],
           [150.8097101045391, -9.055128991009664],
           [150.8097101045391, -8.78650678306035],
           [150.7108331514141, -8.631756774276797],
           [150.54329164750789, -8.074682981968278],
           [149.44253804991993, -7.944072510842077],
           [148.27743383982394, -7.930375404846073],
           [148.30757387407039, -8.436192489967747],
           [148.55875819848913, -8.665655297747731],
           [148.59109249722894, -8.850931958224628],
           [148.71139657927307, -9.047048576959925],
           [149.25789125688289, -8.930339227278287],
           [149.43641908891414, -9.098524005753074],
           [149.49409731157039, -9.220544190087072]]],
         [[[150.2948919767333, -2.7862858150120196],
           [150.45694031657706, -2.1963314333767694],
           [150.1740423673583, -2.0920344064818086],
           [149.89663758220206, -2.1606516735138364],
           [149.7950140470458, -2.2649439492415473],
           [149.78677430095206, -2.4488091963068355],
           [149.8554388517333, -2.6573421167179205],
           [150.0037542814208, -2.7917724722694213],
           [150.2289740079833, -2.84663762741956]]],
         [[[156.39644230822557, -6.414516921978265],
           [156.30580510119432, -6.654645725146902],
           [156.34425724963182, -6.98463035740684],
           [156.70405949572557, -7.3280032724124675],
           [156.98421086291307, -7.507760509681789],
           [157.14625920275682, -7.581276246666614],
           [157.44289006213182, -6.990082723849697],
           [157.26161564806932, -6.741936411401399],
           [156.80293644885057, -6.504578712109516],
           [156.48707951525682, -6.387222317613923]]],
         [[[160.00467780021492, -9.244977918484341],
           [160.05960944083992, -9.518671841038799],
           [160.31778815177742, -9.613465472030013],
           [160.5773140827556, -9.717789078205124],
           [160.79844000724617, -9.686573855222663],
           [160.97971442130867, -9.570134520729852],
           [160.49356940177742, -8.957505853583573],
           [160.23813727287117, -8.914093906172516],
           [160.01017096427742, -9.10127076836629]]],
         [[[152.5867729668269, -10.826405340459102],
           [152.5524406914363, -10.796729226715392],
           [152.53458790823316, -10.818312146056291],
           [152.52360158010816, -10.839893511909713],
           [152.48514943167066, -10.872262641448312],
           [152.41236500784254, -10.923506576867792],
           [152.3766594414363, -11.013836158995067],
           [152.45768361135816, -11.009792141799133],
           [152.54420094534254, -10.974741668592298],
           [152.5689201836238, -10.936990354775086],
           [152.58402638479566, -10.910022186516041],
           [152.61698536917066, -10.865519362076688],
           [152.6018791679988, -10.839893511909713]]],
         [[[153.1141167168269, -10.729272623561489],
           [153.05094533010816, -10.872262641448312],
           [152.9163628105769, -10.85742722575276],
           [152.74882130667066, -10.89114301248613],
           [152.79825978323316, -11.030011672052762],
           [152.80237965628004, -11.079880561975394],
           [152.8614311699519, -11.118961050240358],
           [152.96854786917066, -11.137825619144325],
           [153.13334279104566, -11.171509306755395],
           [153.2020073418269, -11.224048047205324],
           [153.3228569512019, -11.268496440389251],
           [153.41212086721754, -11.176898334189444],
           [153.5261040215144, -11.06909881813882],
           [153.5741692070613, -10.895188650614038]]],
         [[[152.41923146292066, -11.093357183031864],
           [152.36292653128004, -11.12165606344333],
           [152.29288868948316, -11.259068566506777],
           [152.27640919729566, -11.389684341259677],
           [152.34782033010816, -11.440837098958864],
           [152.5469475273738, -11.50947495411365],
           [152.90812306448316, -11.619798725123827],
           [152.98502736135816, -11.552533303139224],
           [153.06605153128004, -11.59693029873299],
           [153.10038380667066, -11.529659377178806],
           [153.05094533010816, -11.397761705210451],
           [153.04407887503004, -11.27388365813425],
           [153.03995900198316, -11.229436096232106],
           [152.7790337090144, -11.170162034253947],
           [152.68153004690504, -11.166120179218055],
           [152.58951954885816, -11.127046015084105],
           [152.5030022148738, -11.070446557832925],
           [152.46866993948316, -11.097400048190782]]],
         [[[154.25796585687513, -11.366236524355337],
           [154.27101212152357, -11.395181735629507],
           [154.3712623656642, -11.412008992578516],
           [154.42001419671888, -11.41066284871229],
           [154.46189957269544, -11.360177852037655],
           [154.4591529906642, -11.301604059727552],
           [154.33487015375013, -11.229548620856583],
           [154.2895515502345, -11.253120142759194],
           [154.26071243890638, -11.304297370608236],
           [154.24423294671888, -11.351426209237339],
           [154.24972611078138, -11.360177852037655]]],
         [[[160.29867194522748, -12.251100396584077],
           [160.27120612491498, -12.336975481817502],
           [160.31240485538373, -12.497915273425836],
           [160.31789801944623, -12.564944033483417],
           [160.42226813663373, -12.631955320613867],
           [160.47445319522748, -12.586389550590964],
           [160.53762458194623, -12.505959644319004],
           [160.52663825382123, -12.433551306186807]]],
         [[[160.67495368350873, -12.90250124908476],
           [160.60628913272748, -12.918564141919271],
           [160.55959723819623, -12.939979725505454],
           [160.58706305850873, -12.969423149600967],
           [160.64199469913373, -12.974776125312326],
           [160.72439216007123, -12.921241190341497]]],
         [[[160.16101859182297, -11.85623246602585],
           [160.23517630666672, -11.884454869531236],
           [160.43979666799484, -11.794401773135085],
           [160.4095842656511, -11.713732110542248],
           [160.34091971486984, -11.673388436050052],
           [160.28461478322922, -11.63438397079991],
           [160.22693656057297, -11.658594283643355],
           [160.16513846486984, -11.81322128851953]]],
         [[[161.62734334529722, -10.879040394073847],
           [161.83333699764097, -10.965338907294944],
           [162.00637166560972, -11.016566749206016],
           [162.24807088435972, -10.994998215914597],
           [162.44582479060972, -10.784622789609758],
           [162.48427693904722, -10.665884340896692],
           [162.06669831663342, -9.998386664791544],
           [161.94035554319592, -10.04436617502685],
           [161.86619782835217, -10.274165132777055],
           [161.79753327757092, -10.38765145033208],
           [161.70964265257092, -10.641494737842686],
           [161.55858064085217, -10.827692410386966]]],
         [[[161.14644816589066, -8.560565458628094],
           [160.9898929901094, -8.593155852050975],
           [160.90062907409379, -8.658328225409537],
           [160.86767008971879, -8.768280969367172],
           [160.9569340057344, -8.8968420508194],
           [161.0777836151094, -8.8981988164202],
           [161.16979411315629, -8.808641532775486],
           [161.24669841003129, -8.657973642751688],
           [161.1986332244844, -8.58058012694598]]],
         [[[162.8783444373843, -8.401237791030695],
           [162.8515652625796, -8.409389032203904],
           [162.81448640515774, -8.43384172648629],
           [162.8117398231265, -8.478667644326173],
           [162.85774507214992, -8.528241736772166],
           [162.92572297742336, -8.535032208318714],
           [162.98065461804836, -8.509906861049256],
           [163.01155366589992, -8.4616887435528],
           [162.98546113660305, -8.42297405311963],
           [162.96486177136867, -8.408030503909012],
           [162.91954316785305, -8.408030503909012],
           [162.88521089246242, -8.39852067257153]]],
         [[[159.12769283868514, -5.031088988222289],
           [159.02332272149764, -5.356589831624908],
           [159.18262447931014, -5.5999189407806735],
           [159.68389037852242, -5.703884610159751],
           [159.88300289727889, -5.550714342040766],
           [159.81159176446639, -5.260871812405926],
           [159.57263912774764, -5.102221086775103],
           [159.32544674493514, -4.968157954733102],
           [159.19635738946639, -4.973630458146343]]],
         [[[153.55114863181925, -3.9054729684363525],
           [153.4550182607255, -3.983565120758174],
           [153.40695307517862, -4.082197227793169],
           [153.559388377913, -4.282163722155516],
           [153.867005565413, -4.128769306638603],
           [153.932923534163, -3.9808251698574586],
           [153.84777949119425, -3.8808107721423664],
           [153.73654291892862, -3.765711074408919],
           [153.61294672752237, -3.836965092402823]]],
         [[[144.92907479070624, -1.3534256201414332],
           [144.8439307477375, -1.4028497945746512],
           [144.80410530828436, -1.4742384159397606],
           [144.79174568914374, -1.63073607558392],
           [144.882382896175, -1.7638868286792753],
           [145.11721565984686, -1.776240550226351],
           [145.23806526922186, -1.6623087272531174],
           [145.3177161481281, -1.514050313744027],
           [145.18176033758124, -1.3424423321797951],
           [145.01833870672186, -1.3149838972968817]]],
         [[[145.64294424860844, -0.7563862571808738],
           [145.4863890728272, -0.6327991718126712],
           [145.3600462993897, -0.5943492289282062],
           [145.2996214947022, -0.6410384088003632],
           [145.2117308697022, -0.7316691032554247],
           [145.29687491267094, -0.9046860635489963],
           [145.4039916118897, -1.0419953166615068],
           [145.56603995173344, -1.0996634637497176],
           [145.7061156353272, -1.0200262178583916],
           [145.7225951275147, -0.8991935800909844],
           [145.69238272517094, -0.8003275136288024]]],
         [[[144.35148599263525, -0.949481469891727],
           [143.799423004354, -1.4410111730599109],
           [143.8818204652915, -1.7869426880286041],
           [144.19218423482275, -2.028507762417621],
           [144.4201505434165, -1.7787069305454442],
           [144.733260894979, -1.3421633943466025],
           [144.766219879354, -1.053835623801309],
           [144.54374673482275, -0.9275117613388125],
           [144.45036294576025, -0.92201931276445]]],
         [[[143.11767455475118, -1.3074320527877101],
           [142.97485228912618, -1.3060591189220558],
           [142.8828417910793, -1.3815693458635017],
           [142.9048144473293, -1.4845339437942924],
           [143.04077025787618, -1.631421721290283],
           [143.12042113678243, -1.6094578522462468],
           [143.20419188873555, -1.5408192514010546],
           [143.20419188873555, -1.4145185186625335],
           [143.16024657623555, -1.3486197160745361]]],
         [[[146.51666668688708, -2.082641979013898],
           [146.38345745837145, -2.211640674316241],
           [146.31341961657458, -2.1375363698009777],
           [146.18433026110583, -2.118323553735924],
           [146.13626507555895, -2.144398031661015],
           [146.12390545641833, -2.336511712318543],
           [146.34088543688708, -2.5148795021161154],
           [146.74463299548083, -2.528599113282302],
           [146.97534588610583, -2.5107635905938004],
           [147.1497538450902, -2.4901838389313804],
           [147.27197674548083, -2.306324104933219],
           [147.28296307360583, -2.1869396446174307],
           [147.16760662829333, -2.100161473559883],
           [146.88882855212145, -2.097416734024053],
           [146.64163616930895, -2.0562450666556464],
           [146.5345194700902, -2.063107085557386]]],
         [[[146.09005607070966, -2.5978395661531053],
           [146.08456290664716, -3.0559593691788787],
           [146.59542716445966, -3.2259915753917077],
           [147.03213370742841, -3.220507101347266],
           [147.23812735977216, -2.7679409361366445],
           [147.08981193008466, -2.5868644812768227],
           [146.87832511367841, -2.540219315762449],
           [146.48831046524091, -2.5649140269789243],
           [146.19167960586591, -2.5841206952010483]]],
         [[[151.3173112619978, -4.495063208457773],
           [151.59471604715404, -4.360882424847945],
           [151.59471604715404, -4.254068309251699],
           [151.77049729715404, -4.295152434720749],
           [152.2277330020076, -4.260845806933132],
           [152.2991441348201, -4.030736773695575],
           [152.1068833926326, -3.926618209122255],
           [151.5795396426326, -3.8334484734887675],
           [151.20875106841385, -3.984159043348545],
           [151.1345933535701, -4.217020708766678],
           [151.2389634707576, -4.389567495114925]]],
         [[[153.2463240594829, -4.257140695088385],
           [153.00325154971728, -4.255771191845051],
           [152.67640828799853, -4.265357663350862],
           [152.56654500674853, -4.2941163590447555],
           [152.50612020206103, -4.43378590363591],
           [152.60499715518603, -4.535098315291163],
           [152.81373738956103, -4.551526024548336],
           [153.09938192081103, -4.507717970290143],
           [153.23121785831103, -4.469383755626047],
           [153.26143026065478, -4.335198328122119]]]]),
    noReef_mask = 
    /* color: #ff0000 */
    /* shown: false */
    ee.Geometry({
      "type": "GeometryCollection",
      "geometries": [
        {
          "type": "Polygon",
          "coordinates": [
            [
              [
                136.23460438801584,
                -2.629275602393311
              ],
              [
                136.54427215599102,
                -2.6962787263763
              ],
              [
                137.36482013102457,
                -2.6642552504268946
              ],
              [
                139.9995688809453,
                -2.5488413084834396
              ],
              [
                140.07921983543994,
                -2.3677343285527304
              ],
              [
                140.06823358805778,
                -2.329314547708212
              ],
              [
                140.09020640950374,
                -2.1854847510356965
              ],
              [
                140.1231655546508,
                -2.0345255557659154
              ],
              [
                139.63448174799328,
                -1.9669377329328368
              ],
              [
                139.49441008227905,
                -2.0918267724754664
              ],
              [
                139.5314881643882,
                -2.116529138763426
              ],
              [
                139.52736506429588,
                -2.1590732891643567
              ],
              [
                139.4779267245694,
                -2.149467044103999
              ],
              [
                139.44702752783493,
                -2.1364300548067074
              ],
              [
                139.43123492792634,
                -2.1137861921821144
              ],
              [
                139.45595566720115,
                -2.08359346232172
              ],
              [
                139.48754244073766,
                -2.090454349328754
              ],
              [
                139.54384696346003,
                -1.9923256158176599
              ],
              [
                139.5246187017566,
                -1.9339977952593315
              ],
              [
                139.36257072084962,
                -1.8543904470764119
              ],
              [
                139.27742670959822,
                -2.0177183714923896
              ],
              [
                139.24996091781156,
                -2.052028911291586
              ],
              [
                139.2183752982711,
                -2.032815066888063
              ],
              [
                139.22661505062067,
                -1.9998765582770235
              ],
              [
                139.3158789203569,
                -1.8379195014091445
              ],
              [
                139.15383091818813,
                -1.743208750439816
              ],
              [
                139.1140055109585,
                -1.8022318777858688
              ],
              [
                139.0453410146064,
                -1.9271349034216445
              ],
              [
                139.03160811474413,
                -1.957329886529148
              ],
              [
                139.00276905663648,
                -1.9573298729370465
              ],
              [
                138.9835430281675,
                -1.9339974195429486
              ],
              [
                138.99727592261027,
                -1.91340970740139
              ],
              [
                139.03023484752666,
                -1.913409722828662
              ],
              [
                139.11812540735292,
                -1.748699334409607
              ],
              [
                138.91773994280973,
                -1.5812461623387108
              ],
              [
                138.86504146035546,
                -1.676821768127756
              ],
              [
                138.80204113775144,
                -1.7325886201906302
              ],
              [
                138.71861290024526,
                -1.67047400566644
              ],
              [
                138.68943055312397,
                -1.6172809060505622
              ],
              [
                138.67535436102222,
                -1.4878959602114388
              ],
              [
                138.80169701766204,
                -1.262741578012466
              ],
              [
                138.6314091475644,
                -1.1419187033444245
              ],
              [
                138.12603852128439,
                -0.9332130799140748
              ],
              [
                137.35699635552635,
                -1.0485527089145301
              ],
              [
                136.9944485474737,
                -1.5098621463199164
              ],
              [
                136.86947954194483,
                -1.612818145966949
              ],
              [
                136.98895568769177,
                -1.7157737768162993
              ],
              [
                137.07409974041192,
                -1.824211687443526
              ],
              [
                137.08783288063466,
                -1.8736240112529094
              ],
              [
                137.05487379382166,
                -1.892840019458443
              ],
              [
                137.00268881657726,
                -1.884604837618182
              ],
              [
                136.8969455186693,
                -1.8338247953769289
              ],
              [
                136.7307777778106,
                -1.9436237149937916
              ],
              [
                136.40668192102845,
                -2.058910156772861
              ],
              [
                136.10455880821428,
                -2.2016340367542937
              ]
            ]
          ],
          "evenOdd": true
        },
        {
          "type": "Polygon",
          "coordinates": [
            [
              [
                140.71373901908086,
                -2.519074775282059
              ],
              [
                140.81673584525274,
                -2.393534125840512
              ],
              [
                140.64782105033086,
                -2.3029730415497327
              ],
              [
                140.511865239784,
                -2.2899372546960612
              ],
              [
                140.41024170462774,
                -2.307775669833533
              ],
              [
                140.35531006400274,
                -2.3516846576705537
              ],
              [
                140.3745361382215,
                -2.41411536419168
              ],
              [
                140.43221436087774,
                -2.4834032269293895
              ]
            ]
          ],
          "evenOdd": true
        },
        {
          "type": "Polygon",
          "coordinates": [
            [
              [
                141.01554161343432,
                -2.387859721554285
              ],
              [
                140.8754824804241,
                -2.570322586335402
              ],
              [
                140.81778770718432,
                -2.8103972628843534
              ],
              [
                143.70169883999682,
                -3.8358778782129113
              ],
              [
                144.47623497280932,
                -3.9893279430452173
              ],
              [
                144.861104733211,
                -4.114675941761769
              ],
              [
                144.99808555874682,
                -3.872872867174884
              ],
              [
                144.57648521694995,
                -3.6796593376325206
              ],
              [
                144.47552778474923,
                -3.593346729811558
              ],
              [
                144.08072716030932,
                -3.5288961647240895
              ],
              [
                143.73053795132495,
                -3.3493190968681943
              ],
              [
                143.60693752278266,
                -3.490864395121523
              ],
              [
                143.51767784390307,
                -3.431572330714073
              ],
              [
                143.49059614019686,
                -3.412637628239037
              ],
              [
                143.46711920932088,
                -3.403297989914695
              ],
              [
                143.44535929714593,
                -3.397899047607604
              ],
              [
                143.42566025255888,
                -3.3918146080873
              ],
              [
                143.3956183987176,
                -3.3777633645023197
              ],
              [
                143.4136420139484,
                -3.3458902334157075
              ],
              [
                143.30962425503589,
                -3.2876246268176796
              ],
              [
                143.21555382046557,
                -3.2293541220233344
              ],
              [
                142.62228591753225,
                -3.0515008073622583
              ],
              [
                142.5452147010249,
                -3.052256989853185
              ],
              [
                142.52375977021381,
                -3.0948364536741915
              ],
              [
                142.49474882336892,
                -3.1183889132894542
              ],
              [
                142.50530539369186,
                -3.1493624488793324
              ],
              [
                142.4980092648015,
                -3.1721086640064704
              ],
              [
                142.4666499559995,
                -3.161155754741027
              ],
              [
                142.45039778869068,
                -3.131005394371224
              ],
              [
                142.46948817473128,
                -3.111787510014121
              ],
              [
                142.4940711264162,
                -3.102168014898324
              ],
              [
                142.5382918119067,
                -3.049447468494804
              ],
              [
                142.49530847595784,
                -3.0296389838063837
              ],
              [
                142.44401743960728,
                -3.020190317366411
              ],
              [
                142.4159365767008,
                -3.0770604152104624
              ],
              [
                142.4218444790445,
                -3.1137014765581057
              ],
              [
                142.41134446803005,
                -3.125618030331904
              ],
              [
                142.39741101603315,
                -3.1320494428617125
              ],
              [
                142.3884272183513,
                -3.1284569050030293
              ],
              [
                142.38871320960297,
                -3.1159511828595705
              ],
              [
                142.43803684947088,
                -3.0189993360011136
              ],
              [
                141.11991173062182,
                -2.3933481048259027
              ]
            ]
          ],
          "geodesic": true,
          "evenOdd": true
        },
        {
          "type": "Polygon",
          "coordinates": [
            [
              [
                145.21952800346358,
                -4.2738047138002
              ],
              [
                145.20785502983077,
                -4.305301928527081
              ],
              [
                145.24562053276046,
                -4.3981678926099725
              ],
              [
                145.27995280815108,
                -4.395429393667492
              ],
              [
                145.32115153861983,
                -4.405014095909013
              ],
              [
                145.33767395566056,
                -4.411689210082155
              ],
              [
                145.34956149650557,
                -4.40698236769878
              ],
              [
                145.36852999193823,
                -4.434879814516641
              ],
              [
                145.35411052299483,
                -4.441297919007947
              ],
              [
                145.35814454404175,
                -4.44912781605429
              ],
              [
                145.36475352836592,
                -4.447202429309091
              ],
              [
                145.37131974775963,
                -4.43920148412537
              ],
              [
                145.3854388307375,
                -4.440699112586922
              ],
              [
                145.4168527562712,
                -4.458412311356147
              ],
              [
                145.42505499768322,
                -4.479889606114662
              ],
              [
                145.4325038877046,
                -4.487975519783595
              ],
              [
                145.4455840002671,
                -4.486713220665236
              ],
              [
                145.45426985631863,
                -4.490360341485443
              ],
              [
                145.45591770358362,
                -4.498542421633423
              ],
              [
                145.46867141018305,
                -4.527761992604998
              ],
              [
                145.50022366735283,
                -4.557579367043024
              ],
              [
                145.5944364507292,
                -4.678125161332891
              ],
              [
                145.70567302299483,
                -4.5515075843828035
              ],
              [
                145.47529899424939,
                -4.342791359648398
              ],
              [
                145.3880950147572,
                -4.271581916429295
              ],
              [
                145.30913078135876,
                -4.266103991729912
              ]
            ]
          ],
          "evenOdd": true
        },
        {
          "type": "Polygon",
          "coordinates": [
            [
              [
                145.6133541386202,
                -5.370215193785555
              ],
              [
                145.6298336308077,
                -5.586204004849849
              ],
              [
                145.85779993940145,
                -5.6067051817884765
              ],
              [
                145.98551600385457,
                -5.471384228231634
              ],
              [
                145.96628992963582,
                -5.331930621906449
              ],
              [
                145.9319576542452,
                -5.225268206335136
              ],
              [
                145.82166488984257,
                -5.211602215155205
              ],
              [
                145.80887776375215,
                -5.205110192988256
              ],
              [
                145.66416590619832,
                -5.237576342001267
              ]
            ]
          ],
          "evenOdd": true
        },
        {
          "type": "Polygon",
          "coordinates": [
            [
              [
                147.6394295424008,
                -6.575348731674722
              ],
              [
                147.53780600724454,
                -6.5535201300551575
              ],
              [
                146.9417977064633,
                -6.509860063645987
              ],
              [
                146.76876303849454,
                -6.613546476096603
              ],
              [
                146.7275643080258,
                -6.913567550664378
              ],
              [
                146.8319344252133,
                -7.235196480466454
              ],
              [
                147.2878670424008,
                -7.6845455744788485
              ],
              [
                147.68200156388517,
                -7.921285558025248
              ],
              [
                147.8914299826872,
                -7.6450335761539545
              ],
              [
                147.7932381361508,
                -7.491245934917704
              ],
              [
                147.6943611830258,
                -7.360515750107844
              ],
              [
                147.8207039564633,
                -6.889027412822765
              ],
              [
                147.70809409318204,
                -6.594447971880935
              ]
            ]
          ],
          "evenOdd": true
        },
        {
          "type": "Polygon",
          "coordinates": [
            [
              [
                149.81287598377014,
                -9.759604790651878
              ],
              [
                149.60550904041077,
                -9.752837640550407
              ],
              [
                149.61649536853577,
                -9.926033168752364
              ],
              [
                149.61512207752014,
                -10.366723373189567
              ],
              [
                149.61939415201212,
                -10.42549656293051
              ],
              [
                149.69775615974652,
                -10.442722973453531
              ],
              [
                149.73487565213944,
                -10.372312060934986
              ],
              [
                149.79533110499034,
                -10.378887446325564
              ],
              [
                149.84786256143937,
                -10.489024044005982
              ],
              [
                149.85939776293532,
                -10.517380249720935
              ],
              [
                149.89840077160318,
                -10.513328348413188
              ],
              [
                150.0774910875286,
                -10.587905093132598
              ],
              [
                150.30382752185608,
                -10.354565274760462
              ],
              [
                150.39171814685608,
                -10.293092127730384
              ],
              [
                150.4418432689264,
                -10.249175398193326
              ],
              [
                150.51188111072327,
                -10.141046796732594
              ],
              [
                150.40476441150452,
                -10.07615208629753
              ],
              [
                150.14246582752014,
                -9.954439356985928
              ],
              [
                149.9859106517389,
                -9.913858333176595
              ],
              [
                149.86368775134827,
                -9.793438477225978
              ]
            ]
          ],
          "evenOdd": true
        }
      ],
      "coordinates": []
    }),
    centre_map = 
    /* color: #d63000 */
    /* shown: false */
    ee.Geometry.Point([149.9759061226323, -8.440993122283631]),
    region_wcmcBound = 
    /* color: #98ff00 */
    /* shown: false */
    ee.Geometry.Polygon(
        [[[133.27621531509237, -3.6964607454528933],
          [134.77035594009237, -4.6606761835234165],
          [138.02230906509237, -2.8189834208112403],
          [143.29574656509237, -4.485454607626794],
          [146.81137156509237, -8.32775342522801],
          [145.58090281509237, -9.369872642992746],
          [146.72348094009237, -10.408873647930577],
          [149.36019969009237, -11.960805457501285],
          [153.31527781509237, -12.5620026138334],
          [155.77621531509237, -12.132715510948076],
          [157.79769969009237, -10.235937480088639],
          [157.88559031509237, -11.616658821605727],
          [161.04965281509237, -14.101349060999887],
          [161.40121531509237, -13.24736423000143],
          [161.40121531509237, -12.390372354418293],
          [162.36801219009237, -11.874809336893126],
          [163.77426219009237, -9.369872642992746],
          [163.33480906509237, -7.544319839235769],
          [161.04965281509237, -4.6606761835234165],
          [149.88754344009237, -0.2712922865886533],
          [148.56918406509237, -1.2379938346478028],
          [147.07504344009237, -1.2379938346478028],
          [146.10824656509237, -0.09551200607302315],
          [142.76840281509237, -0.7107281976529471],
          [142.15316844009237, -2.467795559859385],
          [135.12191844009237, 0.6954864947804655],
          [133.45199656509237, -0.44707001364412374]]]),
    image2 = ee.Image("projects/coral_atlas/png_solomons/in_out/pns_geo_clean1_15m"),
    image = ee.Image("projects/coral_atlas/png_solomons/in_out/pns_geo_clean_125GEO_10ben1"),
    mid_mask = /* color: #04ffff */ee.Geometry({
      "type": "GeometryCollection",
      "geometries": [
        {
          "type": "Point",
          "coordinates": [
            146.72145749924817,
            -9.463183231298919
          ]
        },
        {
          "type": "Polygon",
          "coordinates": [
            [
              [
                146.66034604905286,
                -9.47266531811619
              ],
              [
                146.77432920334974,
                -9.427284392432826
              ],
              [
                146.81415573508403,
                -9.418478483733042
              ],
              [
                146.82033445237317,
                -9.396123881524916
              ],
              [
                146.83132078049817,
                -9.387317141493773
              ],
              [
                146.85054685471692,
                -9.39476901301776
              ],
              [
                146.8484007069778,
                -9.405396004905779
              ],
              [
                146.83462477198046,
                -9.40715316560174
              ],
              [
                146.8097122475767,
                -9.43377258615281
              ],
              [
                146.77088178758828,
                -9.512095554124743
              ],
              [
                146.87076332583928,
                -9.54165540734174
              ],
              [
                146.8796308976618,
                -9.44907019346553
              ],
              [
                146.87401867864156,
                -9.435239118309116
              ],
              [
                146.87034692615111,
                -9.430606823930873
              ],
              [
                146.86334642455097,
                -9.42608430101418
              ],
              [
                146.86410784551242,
                -9.420426049440836
              ],
              [
                146.8674554489185,
                -9.413271030869721
              ],
              [
                146.87423612473646,
                -9.40984162644095
              ],
              [
                146.88140281615352,
                -9.409503006440998
              ],
              [
                146.88582299366416,
                -9.41390612280554
              ],
              [
                146.88801177937054,
                -9.417885795064738
              ],
              [
                146.8953504741017,
                -9.418817140315873
              ],
              [
                146.8996421999153,
                -9.41758947594854
              ],
              [
                146.90333306395485,
                -9.414752961483918
              ],
              [
                146.90408409340307,
                -9.413144135036774
              ],
              [
                146.9054037421946,
                -9.413334656457202
              ],
              [
                146.90638006668522,
                -9.412678424617628
              ],
              [
                146.90662145952737,
                -9.411281303833022
              ],
              [
                146.90883695724543,
                -9.410857936362223
              ],
              [
                146.90923660098383,
                -9.40999000894928
              ],
              [
                146.91023705654104,
                -9.409376107277032
              ],
              [
                146.9121816447753,
                -9.409820650121421
              ],
              [
                146.9131820913883,
                -9.409164396857669
              ],
              [
                146.9133643866604,
                -9.40789418588821
              ],
              [
                146.91521505334188,
                -9.405734904755294
              ],
              [
                146.9175136574411,
                -9.406221776011826
              ],
              [
                146.9201220774048,
                -9.403924891903925
              ],
              [
                146.92069671366502,
                -9.402014342349512
              ],
              [
                146.91874823864237,
                -9.400933367746598
              ],
              [
                146.91714309877804,
                -9.39959835039937
              ],
              [
                146.91942598221937,
                -9.395742825293098
              ],
              [
                146.91983383116926,
                -9.393350826644523
              ],
              [
                146.9242863294471,
                -9.38974143554832
              ],
              [
                146.9312761094523,
                -9.386708787963249
              ],
              [
                146.93352641305881,
                -9.38476896435596
              ],
              [
                146.93898600010087,
                -9.384434142347967
              ],
              [
                146.94114114640394,
                -9.38532712596257
              ],
              [
                146.94384479900208,
                -9.384840244741397
              ],
              [
                146.94545411809912,
                -9.387814683884683
              ],
              [
                146.94823289992547,
                -9.388836142863166
              ],
              [
                146.95099558319765,
                -9.389092818136483
              ],
              [
                146.95234205125013,
                -9.387274800856746
              ],
              [
                146.97053867904305,
                -9.380606310271004
              ],
              [
                146.9788641596084,
                -9.378626730636883
              ],
              [
                146.98285513884053,
                -9.375265741815825
              ],
              [
                146.98693181870618,
                -9.377409291465241
              ],
              [
                146.990086794797,
                -9.378700853446928
              ],
              [
                146.99255514631665,
                -9.379992393244642
              ],
              [
                146.9961333793787,
                -9.380992757390187
              ],
              [
                147.00108491556242,
                -9.380976875976392
              ],
              [
                147.01030126803772,
                -9.377557617286223
              ],
              [
                147.0359411418263,
                -9.33718221082427
              ],
              [
                147.00641538499036,
                -9.178600133363583
              ],
              [
                146.974829691631,
                -9.055209402963158
              ],
              [
                146.93912412522474,
                -9.038934924181172
              ],
              [
                146.65897275803724,
                -9.209780028247861
              ],
              [
                146.5958013713185,
                -9.34531269063888
              ],
              [
                146.63150693772474,
                -9.448959610710139
              ]
            ]
          ],
          "geodesic": true,
          "evenOdd": true
        },
        {
          "type": "Polygon",
          "coordinates": [
            [
              [
                146.99596265651877,
                -9.493317860102474
              ],
              [
                146.99167112209494,
                -9.497550595142162
              ],
              [
                146.99647764064963,
                -9.521591537069696
              ],
              [
                147.01038221218283,
                -9.548508611951005
              ],
              [
                147.03527311184104,
                -9.558326889998218
              ],
              [
                147.08505491115744,
                -9.556972661587182
              ],
              [
                147.09535459377463,
                -9.547662195416189
              ],
              [
                147.09312299587424,
                -9.542583652047757
              ],
              [
                147.08076337673361,
                -9.53835147476581
              ],
              [
                147.07509855129416,
                -9.53767432152542
              ],
              [
                147.0599923501223,
                -9.540721500516709
              ],
              [
                147.04728940822775,
                -9.534627115304934
              ],
              [
                147.0357880959719,
                -9.528701914182236
              ],
              [
                147.02411512233908,
                -9.520067865571649
              ],
              [
                147.02205518581565,
                -9.513803811366223
              ],
              [
                147.0163903603762,
                -9.50753964238637
              ],
              [
                147.00712064602072,
                -9.495688198168294
              ]
            ]
          ],
          "geodesic": true,
          "evenOdd": true
        },
        {
          "type": "Polygon",
          "coordinates": [
            [
              [
                147.18427518703635,
                -9.523623088494983
              ],
              [
                147.17157224514182,
                -9.51718980086953
              ],
              [
                147.16642240383322,
                -9.515158211192427
              ],
              [
                147.1588693032473,
                -9.524300269618049
              ],
              [
                147.15680936672385,
                -9.539536489700643
              ],
              [
                147.16951230861838,
                -9.546307924586046
              ],
              [
                147.18290189602072,
                -9.540213639242772
              ],
              [
                147.1866784463137,
                -9.528024741789245
              ]
            ]
          ],
          "geodesic": true,
          "evenOdd": true
        },
        {
          "type": "Polygon",
          "coordinates": [
            [
              [
                147.15413944068368,
                -9.653967052805397
              ],
              [
                147.16443912330087,
                -9.666151420965921
              ],
              [
                147.23001376929696,
                -9.69491831592909
              ],
              [
                147.29112521949227,
                -9.657690100977101
              ],
              [
                147.31893436255868,
                -9.643474604780318
              ],
              [
                147.31344119849618,
                -9.625196657726798
              ],
              [
                147.30108157935555,
                -9.609964279690878
              ],
              [
                147.2840871030372,
                -9.600147494890615
              ],
              [
                147.2631444150489,
                -9.588299272316121
              ],
              [
                147.2240056211036,
                -9.56629433265474
              ],
              [
                147.21971408667977,
                -9.567140702846638
              ],
              [
                147.19774143042977,
                -9.567987070931263
              ],
              [
                147.19001666846688,
                -9.566463606861701
              ],
              [
                147.17988864722665,
                -9.570864706654236
              ]
            ]
          ],
          "geodesic": true,
          "evenOdd": true
        },
        {
          "type": "Polygon",
          "coordinates": [
            [
              [
                147.59450725761792,
                -9.999548298167964
              ],
              [
                147.5993137761726,
                -10.027271919542287
              ],
              [
                147.60824016777417,
                -10.046879878570152
              ],
              [
                147.6151066228523,
                -10.05228876160453
              ],
              [
                147.6260929509773,
                -10.05228876160453
              ],
              [
                147.63639263359448,
                -10.043499280730265
              ],
              [
                147.64394573418042,
                -10.044175403124804
              ],
              [
                147.6542454167976,
                -10.049584331398679
              ],
              [
                147.66729168144605,
                -10.061078003465173
              ],
              [
                147.67484478203198,
                -10.07595156001538
              ],
              [
                147.6872044011726,
                -10.067838795974366
              ],
              [
                147.69544414726636,
                -10.065810573089436
              ],
              [
                147.70711712089917,
                -10.065810573089436
              ],
              [
                147.7029972478523,
                -10.05228876160453
              ],
              [
                147.69063762871167,
                -10.031328836077533
              ],
              [
                147.68445781914136,
                -10.016453227182181
              ],
              [
                147.6700382634773,
                -10.010367554142828
              ],
              [
                147.66042522636792,
                -10.006986575370336
              ],
              [
                147.64669231621167,
                -10.00292935437475
              ],
              [
                147.63364605156323,
                -9.998195865834452
              ],
              [
                147.6205997869148,
                -9.991433619762434
              ],
              [
                147.60137371269605,
                -9.986699963845382
              ]
            ]
          ],
          "geodesic": true,
          "evenOdd": true
        },
        {
          "type": "Polygon",
          "coordinates": [
            [
              [
                147.73539518785157,
                -10.123115580173906
              ],
              [
                147.7316186375586,
                -10.124129512647716
              ],
              [
                147.71960234117188,
                -10.11669393345735
              ],
              [
                147.71170591783203,
                -10.1197357821257
              ],
              [
                147.6990029759375,
                -10.125481417628864
              ],
              [
                147.70518278550782,
                -10.153532159433103
              ],
              [
                147.7099893040625,
                -10.19780001061293
              ],
              [
                147.72955870103516,
                -10.2089504850197
              ],
              [
                147.79376005601563,
                -10.22212781455587
              ],
              [
                147.83461546373047,
                -10.143731577022987
              ],
              [
                147.82774900865235,
                -10.139000154007377
              ],
              [
                147.82397245835938,
                -10.132916793178987
              ],
              [
                147.82740568589844,
                -10.126495342626376
              ],
              [
                147.8311822361914,
                -10.12074972527704
              ],
              [
                147.82980894517578,
                -10.113990043783728
              ],
              [
                147.82671904039063,
                -10.109596174520446
              ],
              [
                147.82397245835938,
                -10.10283625834698
              ],
              [
                147.8198525853125,
                -10.098104232464864
              ],
              [
                147.82088255357422,
                -10.09337213698024
              ],
              [
                147.82774900865235,
                -10.093710146108153
              ],
              [
                147.83427214097657,
                -10.096752212284471
              ],
              [
                147.84285520982422,
                -10.100132252081778
              ],
              [
                147.84594511460938,
                -10.097090217862197
              ],
              [
                147.84594511460938,
                -10.08931599976207
              ],
              [
                147.84079527330078,
                -10.075457145542561
              ],
              [
                147.82809233140625,
                -10.063625945012976
              ],
              [
                147.81229948472657,
                -10.060245522343818
              ],
              [
                147.79650663804688,
                -10.059907478130595
              ],
              [
                147.78277372789063,
                -10.058217251757323
              ],
              [
                147.76938414048828,
                -10.062611821928218
              ],
              [
                147.75256132554688,
                -10.070386684154128
              ],
              [
                147.74535154771485,
                -10.079851480921945
              ],
              [
                147.74088835191407,
                -10.088639971924392
              ],
              [
                147.73985838365235,
                -10.102160258912098
              ],
              [
                147.7429482884375,
                -10.107230220030411
              ],
              [
                147.7422616429297,
                -10.112300101178716
              ],
              [
                147.73951506089844,
                -10.117707886215545
              ]
            ]
          ],
          "geodesic": true,
          "evenOdd": true
        },
        {
          "type": "Polygon",
          "coordinates": [
            [
              [
                148.00284361314453,
                -10.153194213311675
              ],
              [
                148.00902342271485,
                -10.157587485042507
              ],
              [
                148.01554655503907,
                -10.161642759226845
              ],
              [
                148.02000975083985,
                -10.159277188870009
              ],
              [
                148.0234429783789,
                -10.158601308410455
              ],
              [
                148.02996611070313,
                -10.162318633256525
              ],
              [
                148.03477262925782,
                -10.167387642919959
              ],
              [
                148.03820585679688,
                -10.174822044934011
              ],
              [
                148.03168272447266,
                -10.193745195837861
              ],
              [
                148.03614592027344,
                -10.20827470981217
              ],
              [
                148.045072311875,
                -10.219086940834904
              ],
              [
                148.06052183580078,
                -10.220100568641664
              ],
              [
                148.08661436509766,
                -10.2119914556893
              ],
              [
                148.0996606297461,
                -10.204895812246868
              ],
              [
                148.09794401597657,
                -10.19678631175777
              ],
              [
                148.09279417466797,
                -10.187662876930764
              ],
              [
                148.1003472752539,
                -10.186987056555031
              ],
              [
                148.10927366685547,
                -10.193069388358118
              ],
              [
                148.12060331773438,
                -10.189690329462449
              ],
              [
                148.13399290513672,
                -10.178539181026284
              ],
              [
                148.14635252427735,
                -10.178877100342508
              ],
              [
                148.1765649266211,
                -10.178539181026284
              ],
              [
                148.19441770982422,
                -10.181918358084522
              ],
              [
                148.20815061998047,
                -10.18935242160261
              ],
              [
                148.20334419890094,
                -10.194421098626766
              ],
              [
                148.19064115953125,
                -10.196448411422486
              ],
              [
                148.18180070088405,
                -10.195265562235498
              ],
              [
                148.15403436175208,
                -10.191801922416351
              ],
              [
                148.13809064454412,
                -10.205782679351355
              ],
              [
                148.1356121186068,
                -10.217165977774453
              ],
              [
                148.13900812790504,
                -10.22285763662195
              ],
              [
                148.1458561857141,
                -10.218607964657261
              ],
              [
                148.15803479555845,
                -10.213273020613356
              ],
              [
                148.16142268644262,
                -10.21675390632955
              ],
              [
                148.1603474449909,
                -10.223106711140085
              ],
              [
                148.15682575310495,
                -10.228698382044087
              ],
              [
                148.1471238854536,
                -10.235810294669315
              ],
              [
                148.16067942465122,
                -10.241249926323817
              ],
              [
                148.16616134748372,
                -10.242331393024735
              ],
              [
                148.16922869339444,
                -10.223884464507789
              ],
              [
                148.17693090762145,
                -10.22266835491978
              ],
              [
                148.1849763340918,
                -10.2194248171297
              ],
              [
                148.18308805894532,
                -10.230743465361408
              ],
              [
                148.1766029044936,
                -10.232337875513162
              ],
              [
                148.1721775969118,
                -10.235959365891864
              ],
              [
                148.16984897157985,
                -10.242356690837228
              ],
              [
                148.1861345000287,
                -10.252787288664676
              ],
              [
                148.20669016175927,
                -10.262500224991216
              ],
              [
                148.24093794297852,
                -10.278885439790056
              ],
              [
                148.24947919247353,
                -10.276647635013157
              ],
              [
                148.2556170003095,
                -10.271031505070154
              ],
              [
                148.25896483530585,
                -10.223651017182739
              ],
              [
                148.2421445957711,
                -10.219768260759887
              ],
              [
                148.24351788678672,
                -10.216220545584859
              ],
              [
                148.25064183393027,
                -10.215798195902856
              ],
              [
                148.25784072837874,
                -10.210561363441506
              ],
              [
                148.25372085533186,
                -10.194342444565219
              ],
              [
                148.25183258018538,
                -10.190794445957351
              ],
              [
                148.2415328975682,
                -10.187584317945998
              ],
              [
                148.23861465416,
                -10.183022501490695
              ],
              [
                148.24393615684554,
                -10.178967498759409
              ],
              [
                148.25303420982405,
                -10.180319172062873
              ],
              [
                148.25955734214827,
                -10.18859804607338
              ],
              [
                148.27311859092757,
                -10.197383554783881
              ],
              [
                148.27981338462874,
                -10.195863003303417
              ],
              [
                148.28891143760725,
                -10.195187200315727
              ],
              [
                148.2949195858006,
                -10.190794445957351
              ],
              [
                148.29320297203108,
                -10.184881027182842
              ],
              [
                148.29869613609358,
                -10.184205200911455
              ],
              [
                148.30642089805647,
                -10.183529373208003
              ],
              [
                148.3110557552342,
                -10.185725808008117
              ],
              [
                148.31740722618147,
                -10.192652926345207
              ],
              [
                148.31938145453609,
                -10.200424621146578
              ],
              [
                148.30955368470026,
                -10.200340227629168
              ],
              [
                148.30350265464827,
                -10.192821878570307
              ],
              [
                148.2983519297134,
                -10.200169568894273
              ],
              [
                148.29416907707596,
                -10.205502124619782
              ],
              [
                148.28174635000983,
                -10.20509029927063
              ],
              [
                148.27292802981736,
                -10.195386052200602
              ],
              [
                148.2609657294268,
                -10.178875400858214
              ],
              [
                148.25773091489324,
                -10.221979924186815
              ],
              [
                148.25243543411142,
                -10.233323499420502
              ],
              [
                148.25423583946272,
                -10.27154384463317
              ],
              [
                148.28032979769958,
                -10.272645180138536
              ],
              [
                148.30556440937826,
                -10.27420761945622
              ],
              [
                148.3246170040135,
                -10.276273297193987
              ],
              [
                148.35019599937857,
                -10.271756182117665
              ],
              [
                148.35337169805004,
                -10.264260490854912
              ],
              [
                148.3602807984043,
                -10.263384199928465
              ],
              [
                148.3675117749925,
                -10.268520063242198
              ],
              [
                148.37095556306986,
                -10.258925972224622
              ],
              [
                148.3778271472994,
                -10.250581598752758
              ],
              [
                148.38538504313001,
                -10.244264120588214
              ],
              [
                148.39353920047984,
                -10.246439020581981
              ],
              [
                148.399161209702,
                -10.240600440912768
              ],
              [
                148.40375311700726,
                -10.2381403083963
              ],
              [
                148.41130599937483,
                -10.21005453473677
              ],
              [
                148.41817245445296,
                -10.201945165668448
              ],
              [
                148.41714248619124,
                -10.192315021626253
              ],
              [
                148.3901916500096,
                -10.181163964969791
              ],
              [
                148.36203918418929,
                -10.17930541762206
              ],
              [
                148.3598075862889,
                -10.183191458819287
              ],
              [
                148.36066589317366,
                -10.189780724814531
              ],
              [
                148.35894927940413,
                -10.192990830705853
              ],
              [
                148.35105285606429,
                -10.191808163876047
              ],
              [
                148.3498512264256,
                -10.18859804607338
              ],
              [
                148.35191116294905,
                -10.185049983526925
              ],
              [
                148.3539710994725,
                -10.178629579538908
              ],
              [
                148.3795486446385,
                -10.163929747271709
              ],
              [
                148.3828102108006,
                -10.149060263554796
              ],
              [
                148.37714538536116,
                -10.134528055189554
              ],
              [
                148.3663307186131,
                -10.123712960838803
              ],
              [
                148.3440147396092,
                -10.114756434886283
              ],
              [
                148.32667694053694,
                -10.113404484739185
              ],
              [
                148.31277236900374,
                -10.113911466711198
              ],
              [
                148.3026443477635,
                -10.117629310052692
              ],
              [
                148.2896414656476,
                -10.134908199397852
              ],
              [
                148.28453448138728,
                -10.135964335339303
              ],
              [
                148.28152999839827,
                -10.14247015774498
              ],
              [
                148.27586517295882,
                -10.14635664681149
              ],
              [
                148.27165945814966,
                -10.143568555923444
              ],
              [
                148.26848369986803,
                -10.142132246094237
              ],
              [
                148.26539382896468,
                -10.140780365178818
              ],
              [
                148.2619606014256,
                -10.136217880729722
              ],
              [
                148.26041564903304,
                -10.131148377385017
              ],
              [
                148.2588706913489,
                -10.127684154136901
              ],
              [
                148.25526580772444,
                -10.126247781296478
              ],
              [
                148.24925765953108,
                -10.119488215581194
              ],
              [
                148.24706895776575,
                -10.117756071745898
              ],
              [
                148.24419362448648,
                -10.117713824676096
              ],
              [
                148.2393012996678,
                -10.117291326073005
              ],
              [
                148.23586807212874,
                -10.115939386596784
              ],
              [
                148.23294982872054,
                -10.114418447882997
              ],
              [
                148.2308898921971,
                -10.111883534022304
              ],
              [
                148.22814331016585,
                -10.110024584478905
              ],
              [
                148.22685584415157,
                -10.10816562748048
              ],
              [
                148.22453842124983,
                -10.107996627257224
              ],
              [
                148.2209333387336,
                -10.105123119340618
              ],
              [
                148.2180150206182,
                -10.10005335984511
              ],
              [
                148.20908889732405,
                -10.101405677926214
              ],
              [
                148.19954999114464,
                -10.104846630679754
              ],
              [
                148.19155677960165,
                -10.108794571704015
              ],
              [
                148.18278020909156,
                -10.113647938533635
              ],
              [
                148.1751838377791,
                -10.110172761163719
              ],
              [
                148.17200808896985,
                -10.100856472987877
              ],
              [
                148.1694339522412,
                -10.090673895616169
              ],
              [
                148.17527160606429,
                -10.09126549215277
              ],
              [
                148.23397979698225,
                -10.093293554868973
              ],
              [
                148.24239120445296,
                -10.080448941956739
              ],
              [
                148.2509742733006,
                -10.021120479260611
              ],
              [
                148.23655471763655,
                -10.014358710560094
              ],
              [
                148.20874557457014,
                -10.015711075576442
              ],
              [
                148.19346771202132,
                -10.012499199459171
              ],
              [
                148.10918197593733,
                -10.083998162524452
              ],
              [
                148.11192855796858,
                -10.099208664795093
              ],
              [
                148.1520973201756,
                -10.099208664795093
              ],
              [
                148.1452308650975,
                -10.104616670119784
              ],
              [
                148.14128265342757,
                -10.109348600160287
              ],
              [
                148.13887939415022,
                -10.110869562877388
              ],
              [
                148.13321456871077,
                -10.114418447882997
              ],
              [
                148.1272064205174,
                -10.116615357046365
              ],
              [
                148.12205657920882,
                -10.124557903216461
              ],
              [
                148.11948165855452,
                -10.1191502335584
              ],
              [
                148.1081520076756,
                -10.129120553602627
              ],
              [
                148.10025558433577,
                -10.129627510750373
              ],
              [
                148.09081420860335,
                -10.129796496288193
              ],
              [
                148.07982788047835,
                -10.130810407645132
              ],
              [
                148.0638633724217,
                -10.131148377385017
              ],
              [
                148.04950874981685,
                -10.130979392559603
              ],
              [
                148.03629082379146,
                -10.122868016236298
              ],
              [
                148.02890938458248,
                -10.125571831132588
              ],
              [
                148.0251328342895,
                -10.129289539407589
              ],
              [
                148.0211846226196,
                -10.131993300176244
              ],
              [
                148.0089966648559,
                -10.139766485360388
              ]
            ]
          ],
          "geodesic": true,
          "evenOdd": true
        }
      ],
      "coordinates": []
    });
/***** End of imports. If edited, may not auto-convert in the playground. *****/
// Viewing script for looking at reefs and classifications for each region. 
// From this region Timor Sea onwards the map_viewer script is going to be used from the very beginning
// in the workflow 

// Load and libraries needed
var map_palettes = require('users/mitchest/global_reefs:Modules/colour_pals');
var param_module = require('users/mitchest/global_reefs:Modules/reef_params');
var pkg_vis = require('users/mitchest/global_reefs:Modules/pkg_vis');

// Temp CHRIS CLEAN, DELETED WHEN DECIDED
Map.addLayer(image, map_palettes.geo, 'Geo Clean 1 12 m', false); // TEMP CHRIS adding clean 1_12.5
Map.addLayer(image2, map_palettes.geo, 'Geo Clean 1 15 m', false); // TEMP CHRIS adding clean 1_15



// ###########################################
// SENSOR GENERICS
var sensor_params = param_module.dove;      //<------------ THIS IS WHERE YOU CHOOSE THE SENSOR
// REGION AND SENSOR SPECIFIC LOAD PATHS
var region_params = param_module.png_solomons;       //<------------ THIS IS WHERE YOU CHOOSE THE REGION
//  ^^ all the data paths are in this module ^^
// ###########################################

// **Choose which layers will be shown in the map viewer**

var vars = {
  raw: true, // set to true if you want to view the raw classifications for benthic and geo
  geo_clean1: true, // set to true if you want to view geo clean 1
  geo_clean2: true, // set to true if you want to view geo clean 2
  geo_clean3: false, // set to true if you want to view geo clean 3
  benthic_clean1: false, // set to true if you want to view benthic clean 1
  benthic_clean2: false, // set to true if you want to view benthic clean 2
};

// choose where to centre the map (link this dynamically to map app?)
Map.centerObject(centre_map, 8);

// Add low-tide base map to viewer
// var low_tide_image = ee.Image(region_params.pixels);
// Map.addLayer(low_tide_image, {bands: ['b3','b2','b1'], min: 0, max: 3000}, sensor_params.sname + " from stack", false); // image data
var low_tide_image_dove = ee.Image(region_params.image);
Map.addLayer(low_tide_image_dove, {bands: ['b3','b2','b1'], min: 0, max: 3000}, sensor_params.sname + ' low tide', false); // image data

// Load the raw classifications
if (vars.raw) {
// geo raw (test if more than one map exists for the region)
  if (ee.List(region_params.geo_map).length().getInfo() > 1) {
    var geo_map_raw = ee.Image(region_params.geo_map[0]).unmask(0, false)
                 .add(ee.Image(region_params.geo_map[1]).unmask(0, false))
                 .selfMask();
  } else {
    var geo_map_raw = ee.Image(region_params.geo_map);
  }

  // benthic raw (test if more than one map exists for the region)
  if (ee.List(region_params.benthic_map).length().getInfo() > 1) {
    var benthic_map_raw = ee.Image(region_params.benthic_map[0]).unmask(0, false)
                     .add(ee.Image(region_params.benthic_map[1]).unmask(0, false))
                     .selfMask();
  } else {
      var benthic_map_raw = ee.Image(region_params.benthic_map);
  }

  // Add the raw region classification to the viewer
  Map.addLayer(geo_map_raw, map_palettes.geo, 'Geomorphic RAW', false);
  Map.addLayer(benthic_map_raw.updateMask(geo_map_raw.gt(2)), map_palettes.benthic, 'Benthic RAW', false);
}

// Load the clean classifications

var geo_clean1 = ee.Image(region_params.geo_map_clean1);
var geo_clean2 = ee.Image(region_params.geo_map_clean2);
var geo_clean3 = ee.Image(region_params.geo_map_clean3).selfMask();
var benthic_clean1 = ee.Image(region_params.benthic_map_clean1).selfMask();
var benthic_clean2 = ee.Image(region_params.benthic_map_clean2).selfMask();

if (vars.geo_clean1) Map.addLayer(geo_clean1, map_palettes.geo, 'Geomorphic clean - stage 1', false);
if (vars.geo_clean2) Map.addLayer(geo_clean2, map_palettes.geo, 'Geomorphic clean - stage 2', false);
if (vars.geo_clean3) Map.addLayer(geo_clean3.updateMask(geo_clean3.gt(2)), map_palettes.geo, 'Geomorphic clean - stage 3', false);
if (vars.benthic_clean1) Map.addLayer(benthic_clean1, map_palettes.benthic, 'Benthic clean - stage 1', false);
if (vars.benthic_clean2) Map.addLayer(benthic_clean2, map_palettes.benthic, 'Benthic clean - stage 2', false);

var wcmc=wcmc.filterBounds(region_wcmcBound);
Map.addLayer(wcmc, {color:'#ffff00'}, "WCMC layer", false);
Map.addLayer(artifact_layer, {color: 'ffff00'}, 'Artifact Layer', false);


/*// Geo Training Data - Needs more work + add flag to show
var geo_train = ee.FeatureCollection(region_params.geo_train_library);

var geo_buff = function(feature) {
  return feature.buffer(20);   // substitute in your value of Z here
};

var geo_train_buff = geo_train.map(geo_buff)

// Create an empty image into which to paint the features, cast to byte.
var empty = ee.Image().byte();

// Paint the interior of the polygons with different colors.
var geo_fill = empty.paint({
  featureCollection: geo_train_buff,
  color: 'class_num',
});

Map.addLayer(geo_fill, map_palettes.geo, 'Geo Training Data', false);
*/

////////// UI SET UP //////////

//Generate title
var title = ui.Label({
  value: 'Coral Atlas map classes',
  style: {fontWeight: 'bold', fontSize: '14px'}
});

// generate the legend
var geo_legend = pkg_vis.discrete_legend(map_palettes.geo_atlas_names, map_palettes.geo_atlas_cols, 'Geomorphic Zone', false);
var benthic_legend = pkg_vis.discrete_legend(map_palettes.benthic_atlas_names, map_palettes.benthic_atlas_cols, 'Benthic Habitat', false);
//var mask_legend = pkg_vis.discrete_legend(["Low confidence depth","Water conditions"], ["#f7f7f7","#bababa"], 'Confidence Mask reason', false)
pkg_vis.add_lgds([title, geo_legend, benthic_legend]);//, mask_legend])
// generate the legend

