/**** Start of imports. If edited, may not auto-convert in the playground. ****/
var land_dist = ee.Image("projects/coral_atlas/global_datasets/mod44w6_global_distToLand"),
    imageVisParam = {"opacity":1,"bands":["depth"],"min":1500,"max":2500,"gamma":1},
    reef_boundary = 
    /* color: #051ad6 */
    /* shown: false */
    ee.Geometry.Polygon(
        [[[133.65904403361668, 1.5423670875241082],
          [133.70298934611668, -3.3334940665077855],
          [140.07505965861668, -9.227839178840291],
          [151.80845809611668, -13.662997256508245],
          [159.85045028361668, -14.430353736128849],
          [164.99205184611668, -13.0216133807959],
          [165.47545028361668, -9.791275221974912],
          [164.72837997111668, -5.1302650823301885],
          [160.11412215861668, 2.1133630909724754],
          [152.59947372111668, 3.0352733285728117],
          [146.66685653361668, 2.991388778986984],
          [139.89927840861668, 2.7719401962986745],
          [134.58189559611668, 1.981611352071806]]]),
    Terrestrial_RF = /* color: #d636c4 */ee.Geometry.MultiPolygon(
        [[[[150.3780606898559, -2.6678641805143286],
           [150.3926519661645, -2.664349303344724],
           [150.3975872202338, -2.662377355565273],
           [150.40859497591921, -2.6648637296699595],
           [150.4091582408222, -2.6636419171444503],
           [150.40886319855557, -2.6622486286902274],
           [150.41062807695005, -2.6599122165670424],
           [150.41312922658932, -2.6596281933734036],
           [150.41545871474668, -2.6598585948059363],
           [150.4198481423129, -2.661032093163341],
           [150.43242837677047, -2.6568174810826575],
           [150.43584316565205, -2.6633696994740106],
           [150.4388288172973, -2.6630628621906873],
           [150.46030794254526, -2.666020876393395],
           [150.46256100266106, -2.6640059797679965],
           [150.47206678775692, -2.669450421344707],
           [150.48239868798512, -2.6690860240926497],
           [150.48653464552675, -2.6613159917640044],
           [150.49015556900628, -2.659204646403486],
           [150.49856699182814, -2.6554321855099903],
           [150.4995540680465, -2.655089201948921],
           [150.49816467682322, -2.6527152959885485],
           [150.4964319745586, -2.6491839164437936],
           [150.49863139455593, -2.6424641156388096],
           [150.5083516749633, -2.6397419076052286],
           [150.51710636965336, -2.646247396688698],
           [150.5153039058673, -2.65995487532017],
           [150.51882295274334, -2.6643060934058083],
           [150.5215695565302, -2.672729809089603],
           [150.52049671738274, -2.6772524183927424],
           [150.52206283040513, -2.680875291819007],
           [150.52589293500884, -2.681486402252775],
           [150.53175622025256, -2.678019485646085],
           [150.5926374110473, -2.697357580503395],
           [150.60362358302075, -2.697143431287997],
           [150.6050183137961, -2.6973684924838905],
           [150.60651498828864, -2.6957207587415297],
           [150.6092561970268, -2.693515742798042],
           [150.60950294285345, -2.690220263911095],
           [150.61437379206075, -2.69001657437834],
           [150.61629961694706, -2.6918518331059333],
           [150.61916958325375, -2.6919723669278937],
           [150.62714650491714, -2.7126264799890194],
           [150.62804514576095, -2.7173378524691616],
           [150.6286017573103, -2.7182146041620814],
           [150.62806467190796, -2.719681788999978],
           [150.62812840073235, -2.7212347078017864],
           [150.63089611832066, -2.7232712521935762],
           [150.63936104873073, -2.719445534089902],
           [150.6922010096801, -2.7453685587230403],
           [150.71361574752666, -2.7494838087944315],
           [150.71915184586175, -2.7499552213996776],
           [150.81511055557854, -2.7522271132052882],
           [150.9009412440551, -2.702158764175671],
           [150.90506111710198, -2.676780864779207],
           [150.8789685878051, -2.636998237042073],
           [150.82129036514885, -2.612990862187874],
           [150.78773052548064, -2.5939991218929928],
           [150.78622852173024, -2.591062361904063],
           [150.78187263208758, -2.5951672566688955],
           [150.77944790451653, -2.6019301669005372],
           [150.77084345404532, -2.614834315156553],
           [150.7732359591927, -2.6439217267962056],
           [150.76559165871154, -2.650234296224431],
           [150.75314079849846, -2.6490017509985195],
           [150.736060368215, -2.6570611990743727],
           [150.7061055812133, -2.6606621960089307],
           [150.67718048501868, -2.6718938902818117],
           [150.6557657881182, -2.6630198575896027],
           [150.65473591416009, -2.648058621963924],
           [150.65132413726477, -2.643793101278847],
           [150.64580952255852, -2.644586186150072],
           [150.6345871911032, -2.643021460241122],
           [150.62512432663567, -2.6457436658353823],
           [150.60785087542092, -2.6338259003159235],
           [150.60156380264885, -2.6292816311614424],
           [150.5881742152465, -2.616420515372304],
           [150.5794194804215, -2.6105901273443153],
           [150.57306801407464, -2.614877172599517],
           [150.5570176033056, -2.6174066493234696],
           [150.54371378359366, -2.6141055500881536],
           [150.54182564346917, -2.593098689347572],
           [150.54337053708804, -2.58280942308375],
           [150.5400231299488, -2.5752639593550364],
           [150.53341419607727, -2.5697763017427318],
           [150.53633247940667, -2.5560572600118596],
           [150.50749336807854, -2.492261189968533],
           [150.49685036270745, -2.4807707066850173],
           [150.48414742081292, -2.4661930842786273],
           [150.4139379176391, -2.413369309489271],
           [150.37016426651604, -2.3996485108794694],
           [150.2867361531189, -2.3986169275026583],
           [150.2388438230209, -2.383009034842373],
           [150.2527478846801, -2.5320483542073466],
           [150.39076363175042, -2.608189331992447]]],
         [[[154.52131389650017, -5.122399920652677],
           [154.51376079591424, -5.142916687147734],
           [154.51925395997674, -5.169587494698633],
           [154.5281803515783, -5.194889530370561],
           [154.543973198258, -5.243439236221008],
           [154.54740642579705, -5.281045570225886],
           [154.56388591798455, -5.335741615478529],
           [154.587918510758, -5.400003234111464],
           [154.59272502931267, -5.424612267066646],
           [154.60096477540642, -5.468359177885793],
           [154.620877495133, -5.490231435851445],
           [154.642850151383, -5.498433325861861],
           [154.67374919923455, -5.541491390327954],
           [154.67786907228142, -5.587279855123728],
           [154.74378704103142, -5.62008133231912],
           [154.77949260743767, -5.577712411073329],
           [154.76713298829705, -5.49569937507451],
           [154.71700786622674, -5.454005073987412],
           [154.598904838883, -5.283780487535281],
           [154.57967876466424, -5.171639048830689],
           [154.58517192872674, -5.120348207737306],
           [154.57624553712517, -5.088203847569282],
           [154.55427288087517, -5.082732306911838],
           [154.5281803515783, -5.104618190198637]]],
         [[[156.50490880346467, -6.61581216604928],
           [156.536666158201, -6.6553708210970015],
           [156.58112645483186, -6.670033996717451],
           [156.63605809545686, -6.6770244260279],
           [156.64446950292756, -6.675148954789162],
           [156.6472160849588, -6.673784971193624],
           [156.6497910056131, -6.66696499623995],
           [156.6242134604471, -6.643495205084822],
           [156.61460042333772, -6.649121960315616],
           [156.59606099462678, -6.645029781078411],
           [156.58799290990999, -6.642983678689743],
           [156.57906651830842, -6.640085019072386],
           [156.53906941747834, -6.617065646050456],
           [156.52550816869905, -6.605129252227372],
           [156.51417851782014, -6.597796753217023],
           [156.50525212621858, -6.593022044341487],
           [156.5004456076639, -6.593704148425877]]],
         [[[157.56878017694265, -7.442664423688567],
           [157.5880062511614, -7.445047428988295],
           [157.6092922619036, -7.430408763431205],
           [157.61272548944265, -7.406236876362605],
           [157.59624599725515, -7.393980201522563],
           [157.57942318231375, -7.37729695856676],
           [157.54749416620047, -7.384446996932915],
           [157.51934170038015, -7.36503948122164],
           [157.4616634777239, -7.374573104033174],
           [157.39643215448172, -7.355846150741727],
           [157.3298275402239, -7.3282650176477135],
           [157.2137844494036, -7.308855048146275],
           [157.12864040643484, -7.32145459821856],
           [157.12529274833997, -7.339246440552137],
           [157.1320732092981, -7.346822918641903],
           [157.15747951776297, -7.347674141551109],
           [157.16199626871233, -7.350706762978383],
           [157.16176558681744, -7.354947064357005],
           [157.1639381827504, -7.3591873636465355],
           [157.17177021338475, -7.352313569224417],
           [157.17816471368582, -7.357463509729312],
           [157.19026670262994, -7.356027238242161],
           [157.2034847667864, -7.36591198648018],
           [157.20281419423975, -7.3708968903772565],
           [157.20544807499192, -7.3762861333886285],
           [157.21007216482798, -7.375573291193382],
           [157.22279667169363, -7.377211838366328],
           [157.23082710190164, -7.380387874238865],
           [157.24241960723606, -7.378414176425584],
           [157.24856733590872, -7.380680473271209],
           [157.25901828642307, -7.375027863820603],
           [157.27019892005367, -7.379930005889067],
           [157.2810383325887, -7.398011734781775],
           [157.28602325995575, -7.398340345090869],
           [157.28766747866078, -7.395848114596229],
           [157.2894539067814, -7.395332166583601],
           [157.29431434115926, -7.394938397509816],
           [157.30188965112478, -7.394873928903734],
           [157.3096676806519, -7.394491012875389],
           [157.32542871743948, -7.406662449230987],
           [157.32862317669614, -7.405955011604808],
           [157.33178681803184, -7.40636731075319],
           [157.3340921700098, -7.4087797838024905],
           [157.34037391423504, -7.408428661231138],
           [157.3427236011675, -7.41015213124985],
           [157.35115106257715, -7.4098331111961215],
           [157.3522614734456, -7.405896630676466],
           [157.3589026436485, -7.408535171929508],
           [157.3661339214495, -7.407598708094957],
           [157.37548946649343, -7.414705699142598],
           [157.38338588983328, -7.415769610088284],
           [157.3859929524904, -7.416886879220932],
           [157.39915722223697, -7.417578446542561],
           [157.409993403261, -7.419514556159344],
           [157.41172071026472, -7.422360491942158],
           [157.41361971111473, -7.42197217968865],
           [157.41874813348562, -7.423195636857485],
           [157.43016354535297, -7.424270234515042],
           [157.43248097786181, -7.425749058513192],
           [157.44037746698172, -7.425983024285726],
           [157.45164272993898, -7.428834396082226],
           [157.4650108745745, -7.427046907957125],
           [157.4786257986895, -7.424706506578857],
           [157.4897944858721, -7.4270043526597185],
           [157.49745493439093, -7.427600255010231],
           [157.51453518182547, -7.425302137384767],
           [157.517531118131, -7.429531143830051],
           [157.52434658456232, -7.431079123886994],
           [157.5281499455759, -7.432174954693147],
           [157.53146514147315, -7.431260048998116],
           [157.54200100213797, -7.434494021532933],
           [157.54461076575123, -7.43686115878745],
           [157.54833633576038, -7.435526037792167],
           [157.55394214875568, -7.437451617706331],
           [157.5579440525225, -7.4397707569898905]]],
         [[[157.5725777113093, -8.417570151773749],
           [157.58493733044992, -8.427079515513844],
           [157.6010734998835, -8.421645621990573],
           [157.61961292859445, -8.406702021524415],
           [157.63746571179757, -8.3971921576158],
           [157.6275093519343, -8.361867767965569],
           [157.60862660046945, -8.328238691816031],
           [157.57978748914132, -8.26946580037804],
           [157.55506825086007, -8.24092550953962],
           [157.51112293836007, -8.228013748711646],
           [157.4912102186335, -8.23175140698725],
           [157.4517281019343, -8.234469681760785],
           [157.36589741345773, -8.244323271323506],
           [157.32813191052804, -8.255875442942513],
           [157.27903675671945, -8.283055689313882],
           [157.25569080945382, -8.290869663018603],
           [157.22513508435617, -8.298004025132986],
           [157.21689533826242, -8.304119089541846],
           [157.21414875623117, -8.315669506803173],
           [157.2155220472468, -8.326540176874461],
           [157.2385246717585, -8.34250592618116],
           [157.2594673597468, -8.348280611081607],
           [157.2714836561335, -8.351677444660403],
           [157.2924263441218, -8.364585142535962],
           [157.3089058363093, -8.35609328411279],
           [157.32298206921945, -8.359829724605824],
           [157.3312218153132, -8.352356807828846],
           [157.3310472550995, -8.350468430148782],
           [157.33001728683777, -8.34758111454898],
           [157.3299314561493, -8.344778699578972],
           [157.33096142441102, -8.341042115010893],
           [157.3343088212616, -8.338919039679052],
           [157.33739872604676, -8.337220571110883],
           [157.33988781601258, -8.331955271665118],
           [157.34134693771668, -8.328897968496781],
           [157.34229107528992, -8.323972263159575],
           [157.34426518112488, -8.320065625213854],
           [157.347526747287, -8.316583588993401],
           [157.35353489548035, -8.314205595260773],
           [157.3761083665497, -8.309279705222778],
           [157.38915463119812, -8.305627712335516],
           [157.40400334030457, -8.301466097620969],
           [157.4203970018036, -8.301720891626317],
           [157.42417355209656, -8.301041440578004],
           [157.44365711838074, -8.293567401477793],
           [157.44949360519715, -8.288471384234494],
           [157.4555017533905, -8.286093220254967],
           [157.4603082719452, -8.2847342629548],
           [157.4918155074284, -8.303079790195774],
           [157.5030819235924, -8.315493243035096],
           [157.50763095008165, -8.304452405214372],
           [157.50934756385118, -8.298592142031154],
           [157.5220505057457, -8.295874309136824],
           [157.5315777121666, -8.29561951133911],
           [157.54050410376817, -8.301904475446378],
           [157.54985964881212, -8.308444128597621],
           [157.5546661673668, -8.312775527176122],
           [157.55595362769395, -8.321098472482676],
           [157.55526698218614, -8.326788547615081],
           [157.56041682349473, -8.339697068045131],
           [157.56479418860704, -8.34971786236953],
           [157.55964434729844, -8.366277085697437],
           [157.55681193457872, -8.376127366822814],
           [157.56436503516466, -8.393110024429937],
           [157.56736910926134, -8.40185580346734],
           [157.57071650611192, -8.410431570087276]]],
         [[[158.04064567890197, -8.726068303607942],
           [158.03369348217421, -8.737351341765702],
           [158.0339937843047, -8.744604619581061],
           [158.04047397859628, -8.746428536884288],
           [158.0554085413154, -8.746598292883707],
           [158.0650215520602, -8.747955607648631],
           [158.07017137943842, -8.745580304869263],
           [158.0766944941316, -8.742526321897323],
           [158.081500999757, -8.739472313789449],
           [158.09077068857766, -8.74252632282921],
           [158.10072702163185, -8.737096957921132],
           [158.11308660733434, -8.733024882726612],
           [158.1185800534443, -8.732515813150757],
           [158.13231263099436, -8.709948947075352],
           [158.13780578018975, -8.708930858649435],
           [158.13969408733686, -8.694846846222081],
           [158.1415823221176, -8.686701894872286],
           [158.14432889788787, -8.672956608888711],
           [158.15222530055357, -8.664811017335143],
           [158.1522253035902, -8.630869151674139],
           [158.1443289025514, -8.619328220696156],
           [158.1432989377401, -8.61152092083338],
           [158.13849243339055, -8.596584767652152],
           [158.13385752536607, -8.592765740892824],
           [158.1305960322715, -8.58436384043815],
           [158.1323126426357, -8.569935851310513],
           [158.13128267838266, -8.554828310907219],
           [158.13059603555115, -8.54464311392962],
           [158.1206397033204, -8.531401950437894],
           [158.1113700149978, -8.514085890479096],
           [158.09557721074074, -8.508313695383618],
           [158.08047104974762, -8.507974150832583],
           [158.07257459241333, -8.504239174378416],
           [158.0691414294556, -8.500504116290804],
           [158.06639482783748, -8.49642949656311],
           [158.06193167112198, -8.494731717272554],
           [158.05506523436657, -8.493033936047894],
           [158.05060205054437, -8.490657030019756],
           [158.0489712533149, -8.487049216072306],
           [158.0423623264978, -8.487176533837578],
           [158.03549588996003, -8.480809691349409],
           [158.03068938474487, -8.468924636897555],
           [158.02519623521601, -8.46892463662893],
           [158.01009007401177, -8.468924635938462],
           [157.99738714320972, -8.471301880173034],
           [157.98468425749036, -8.467566319640758],
           [157.97781776626192, -8.461793459465047],
           [157.972324671265, -8.46077467084245],
           [157.9621108462223, -8.464594987494316],
           [157.95464359618717, -8.460265291873089],
           [157.9447649926419, -8.46149651181469],
           [157.93591639393352, -8.458652481002767],
           [157.92886208581595, -8.452115341516118],
           [157.92711319126533, -8.447191110864244],
           [157.92790711212572, -8.440229182415175],
           [157.92829364505934, -8.42817309195318],
           [157.92541814670787, -8.420786331914579],
           [157.92192055466185, -8.417942017283385],
           [157.9216309194044, -8.41210471333412],
           [157.91498992368184, -8.40635227028008],
           [157.9093249258451, -8.399517140472014],
           [157.895420578216, -8.391493030890159],
           [157.88220215926046, -8.383681138246798],
           [157.87786772282777, -8.381091249592465],
           [157.87576492694515, -8.377822023884358],
           [157.86520825502294, -8.364320380911717],
           [157.86040164870894, -8.355573661120902],
           [157.8561102257196, -8.343175351402897],
           [157.84048908095576, -8.325256378224974],
           [157.82675620629334, -8.309629684735286],
           [157.81748651578562, -8.297059935967622],
           [157.81229372742268, -8.291539293096266],
           [157.81053424784187, -8.286867952493294],
           [157.80924679070569, -8.279563535129693],
           [157.81551241444777, -8.261386838661869],
           [157.8184306621453, -8.25688498644855],
           [157.81611322756555, -8.252553001493215],
           [157.8101908934022, -8.250599355123263],
           [157.80375364014623, -8.246267266507477],
           [157.79654388054414, -8.231826685691916],
           [157.78452761483524, -8.224011563676626],
           [157.77731785549935, -8.223331980738994],
           [157.75568857736206, -8.218235070775664],
           [157.74641888654295, -8.211778890268338],
           [157.73817916135124, -8.206342025277195],
           [157.7283276708553, -8.199596172517897],
           [157.72070809872662, -8.191490881799133],
           [157.7130691354807, -8.186988337155782],
           [157.7035420046894, -8.186733386800833],
           [157.68809252049374, -8.190811244694995],
           [157.68259937011763, -8.184694443761165],
           [157.67126974823717, -8.185374093663695],
           [157.66303002302547, -8.182655490331546],
           [157.65650690681667, -8.174499567922485],
           [157.6506704347326, -8.172120726061483],
           [157.63985579487468, -8.162435294093784],
           [157.63676589699784, -8.14935109125181],
           [157.63899748869753, -8.142214072641414],
           [157.64243070709176, -8.136436392853982],
           [157.63762419889645, -8.111285524169581],
           [157.6335043352138, -8.097010006506226],
           [157.63419097817342, -8.086133081597835],
           [157.63316101190003, -8.077975195459913],
           [157.62766786096066, -8.068457453574217],
           [157.62457796343045, -8.061658929197742],
           [157.62234635355748, -8.05613500447012],
           [157.62217470929463, -8.050101175333504],
           [157.61711065351432, -8.044407110914355],
           [157.61565159221414, -8.03582349498257],
           [157.60766935767387, -8.02936437966643],
           [157.59862228249864, -8.029959180372195],
           [157.59729984627137, -8.050186162032913],
           [157.59729984805446, -8.07083691260061],
           [157.59695652769386, -8.088512436936108],
           [157.59317998887454, -8.110605752601511],
           [157.5948965997186, -8.126920036911608],
           [157.59455327896262, -8.139835041710285],
           [157.59317999265906, -8.153769185182533],
           [157.59077674118362, -8.172800401359051],
           [157.5945532829066, -8.185034274843563],
           [157.60965944858106, -8.222753016637506],
           [157.62579557826368, -8.244499129202088],
           [157.6384984876768, -8.247557079673644],
           [157.69342998558133, -8.225471340484809],
           [157.73359864532912, -8.24212069982797],
           [157.75557124560302, -8.25808983597776],
           [157.77205069602974, -8.281872458533167],
           [157.7868135368558, -8.304294758037237],
           [157.80878613659328, -8.328753987428952],
           [157.86062773803152, -8.478872820367572],
           [157.8771071865283, -8.496190471302038],
           [157.78711189116123, -8.552891809367116],
           [157.79191839728423, -8.569527129615038],
           [157.79535161578346, -8.57597736411482],
           [157.8056512709046, -8.581069576992979],
           [157.81457763862542, -8.58412487190564],
           [157.82007078800217, -8.58718014229816],
           [157.82556393742118, -8.593969544074723],
           [157.84478996005342, -8.599400977804656],
           [157.85714954601423, -8.607208527579482],
           [157.87980878683607, -8.604153418537969],
           [157.9034979930342, -8.616373706813919],
           [157.98005876033773, -8.635721690035224],
           [158.03911011350323, -8.65710514913272],
           [158.05490291634248, -8.676111646885182],
           [158.05318630584833, -8.699868414607073]]],
         [[[159.0799911082545, -8.09861673119819],
           [159.07861781723886, -8.106094435701722],
           [159.09509730942636, -8.125127965119125],
           [159.10883021958261, -8.130905822324582],
           [159.12050319321543, -8.142121425097956],
           [159.13251948960215, -8.150278029855428],
           [159.14453578598886, -8.155715673984044],
           [159.1579253733912, -8.161493089834641],
           [159.1744048655787, -8.18664086705621],
           [159.19466090805918, -8.208389015712465],
           [159.23036647446543, -8.232174689768463],
           [159.26023555405527, -8.2532408082683],
           [159.2839248240748, -8.268190275508882],
           [159.3168838084498, -8.284498138758828],
           [159.34537959702402, -8.283818657940955],
           [159.3666656077662, -8.287895525246586],
           [159.44494319565683, -8.329341274050961],
           [159.49918819077402, -8.372480956433133],
           [159.52150416977793, -8.402709855201268],
           [159.53489375718027, -8.414936606252207],
           [159.6735983848719, -8.538200106537028],
           [159.71891346386923, -8.526908680928468],
           [159.7590725418169, -8.49354135377091],
           [159.7607775338978, -8.470750447904065],
           [159.69039435760973, -8.385471758189523],
           [159.5802123606959, -8.338173408000516],
           [159.50193477280527, -8.264792719052677],
           [159.26984859116465, -8.157754771467813],
           [159.1517455638209, -8.109833235837334]]],
         [[[161.3332092991882, -9.333831535494038],
           [161.3098633519226, -9.319263811559765],
           [161.28548743639524, -9.295547612369324],
           [161.2724411717468, -9.277928823971413],
           [161.26488807116087, -9.298258116536072],
           [161.2439453831726, -9.281994776836504],
           [161.2178528538757, -9.263019927007662],
           [161.1893570653015, -9.263697617876547],
           [161.2120163670593, -9.306728306719114],
           [161.25870826159056, -9.345011003837678],
           [161.2892639866882, -9.398870676282536],
           [161.3163864842468, -9.42969225614549],
           [161.32599952135618, -9.465252195588286],
           [161.35384142028727, -9.484554622852183],
           [161.37856065856852, -9.507919265352529],
           [161.40808641540445, -9.497083687301888],
           [161.41323625671305, -9.457801845837084],
           [161.41769945251383, -9.429014888346268],
           [161.4053398333732, -9.399548103172863],
           [161.38748705017008, -9.373466211646377],
           [161.3613945208732, -9.365336389995157],
           [161.3397651873771, -9.33315398043059]]],
         [[[161.52172624694742, -9.50690344448361],
           [161.51623308288492, -9.50588762059861],
           [161.50799333679117, -9.513675526624702],
           [161.5045601092521, -9.52146325525155],
           [161.5093666278068, -9.531620895322796],
           [161.5206962786857, -9.550242449929286],
           [161.53992235290445, -9.572925513349327],
           [161.55125200378336, -9.570894255922594],
           [161.552625294799, -9.564800410797709],
           [161.541638966674, -9.549903885291291],
           [161.53957903015055, -9.540762512876569],
           [161.53957903015055, -9.536699601992202],
           [161.53820573913492, -9.527219288397001],
           [161.5313392840568, -9.516045723688379],
           [161.52447282897867, -9.508257871638552]]],
         [[[153.55246099117372, -11.490924032750577],
           [153.5023358691034, -11.454586033949308],
           [153.47830327632997, -11.431704156280762],
           [153.43916448238465, -11.427665985935368],
           [153.40139897945497, -11.403435756389182],
           [153.36706670406434, -11.399397183732118],
           [153.3579685486482, -11.399565598804392],
           [153.3478406298456, -11.393339217134827],
           [153.33410771968934, -11.375164543145198],
           [153.32500953694594, -11.371462123851865],
           [153.32312139156434, -11.361701073743756],
           [153.34279914362295, -11.337630300337654],
           [153.37301088686394, -11.318778559687447],
           [153.38619013886867, -11.321967216666637],
           [153.39181655514992, -11.32683878163976],
           [153.40719028108094, -11.34028416877641],
           [153.42317571806012, -11.344114805605317],
           [153.44553535711165, -11.349922600549895],
           [153.47926967448532, -11.347395298746639],
           [153.48360384499162, -11.346805433119444],
           [153.47111544794402, -11.330057894696893],
           [153.45643920487439, -11.319452652526381],
           [153.4162702129589, -11.303966012546123],
           [153.30572028620108, -11.282418792476486],
           [153.25628180963858, -11.251441831944048],
           [153.22744269831045, -11.216420386353052],
           [153.18761725885733, -11.181394695272264],
           [153.12307258112295, -11.165227563265788],
           [153.08874030573233, -11.14232258515746],
           [153.02556891901358, -11.124805796492709],
           [152.97338386041983, -11.105940384813058],
           [152.95141120416983, -11.143669986772812],
           [152.95690436823233, -11.18543633743377],
           [153.02419562799795, -11.263563648594058],
           [153.05166144831045, -11.337630300337654],
           [153.09148688776358, -11.371290622742839],
           [153.1532849834667, -11.397857743983371],
           [153.1807508037792, -11.414011777608659],
           [153.2137097881542, -11.465160145724601],
           [153.2466687725292, -11.524373001867835],
           [153.30572028620108, -11.558011116523529],
           [153.3510388897167, -11.579537391312948],
           [153.39086432916983, -11.591645192898602],
           [153.44304938776358, -11.599716769098592],
           [153.48699470026358, -11.638726094371346],
           [153.54741950495108, -11.666970812927401],
           [153.60235114557608, -11.671005538198557],
           [153.63531012995108, -11.665625891465195],
           [153.7245740459667, -11.65890118639738],
           [153.76439948541983, -11.634690900284967],
           [153.78911872370108, -11.622584967008459],
           [153.7904920147167, -11.606442904314932],
           [153.7575330303417, -11.588954615658878],
           [153.76714606745108, -11.553974755767115],
           [153.75615973932608, -11.525718603849704],
           [153.7245740459667, -11.493422379326532],
           [153.56389899713858, -11.478618705275004]]],
         [[[153.9641448131933, -11.37923038169987],
           [153.98049475143407, -11.387097775856457],
           [153.98525844358164, -11.39025309207403],
           [153.9934130779638, -11.394375807576294],
           [153.99882027742333, -11.39963451245268],
           [154.0047426404715, -11.40337863255855],
           [154.0095492473974, -11.400602026473708],
           [154.09434996761223, -11.400770300766984],
           [154.11082945979973, -11.409856964575805],
           [154.11480988820932, -11.410617047113657],
           [154.11655876123098, -11.414069390039739],
           [154.12434788730548, -11.405156732893012],
           [154.14267262701557, -11.406176850508182],
           [154.14224351359283, -11.410909391133785],
           [154.15288649715325, -11.409268022955255],
           [154.15593342943134, -11.405271803028425],
           [154.1600104442968, -11.404051629565002],
           [154.16625444750684, -11.405250581623608],
           [154.170953635314, -11.411161017341746],
           [154.17597477554375, -11.413979611716067],
           [154.18481551326653, -11.409015619029615],
           [154.19743262447258, -11.406491567432898],
           [154.21120830891758, -11.407964123359092],
           [154.21324683911672, -11.410298770409284],
           [154.21665869869133, -11.41196031753264],
           [154.22777382839757, -11.409899189269222],
           [154.2327954268324, -11.407585161697765],
           [154.22893248714348, -11.368796397289245],
           [154.24266539729973, -11.324363545477553],
           [154.24266539729973, -11.312244296100507],
           [154.23854552425286, -11.306521138934471],
           [154.22721587337395, -11.299787866522998],
           [154.21210967220208, -11.285984163873776],
           [154.19872008479973, -11.284637425629475],
           [154.17949401058098, -11.286320847447817],
           [154.16541777767083, -11.288677621409974],
           [154.1527148357763, -11.290361019535691],
           [154.13211547054192, -11.290697697975961],
           [154.11632262386223, -11.292044407787095],
           [154.09023009456536, -11.294064460652736],
           [154.07375060237786, -11.29137105367154],
           [154.05658446468254, -11.290697697975961],
           [154.0318652264013, -11.293391111277783],
           [154.0431948772802, -11.307867774435241],
           [154.02980528987786, -11.329076448295906],
           [154.01435576595208, -11.328066547086276],
           [153.9776202312841, -11.33176950075217],
           [153.96457396663567, -11.344224538315855],
           [153.9556475750341, -11.361727997207339]]],
         [[[152.44200173030177, -8.962797085661135],
           [152.4159092010049, -8.978057645656788],
           [152.41453590998927, -9.028243397222424],
           [152.4214023650674, -9.043501195676322],
           [152.42277565608302, -9.062148737705693],
           [152.42414894709864, -9.082829424873479],
           [152.42929878840724, -9.090965761722549],
           [152.5264591277627, -9.16486233532563],
           [152.613319784501, -9.18689274754214],
           [152.6802677215127, -9.244843127507],
           [152.77536812434474, -9.284149069828544],
           [152.7729648650674, -9.260091644480312],
           [152.78189125666896, -9.245520853407227],
           [152.93913307795802, -9.222138556396661],
           [152.96934548030177, -9.227899556170504],
           [153.00573769221583, -9.212649645889263],
           [153.008827597001, -9.19739907725614],
           [153.02977028498927, -9.182825697529852],
           [153.02771034846583, -9.166557030982192],
           [153.0143207610635, -9.155371890240291],
           [152.97552528987208, -9.147575977946847],
           [152.80832710871974, -9.082151388462671],
           [152.68988075862208, -9.046891729772387],
           [152.5487751067666, -9.010272273360934],
           [152.51821938166896, -9.000777733757532],
           [152.4979633391885, -8.983144356341349],
           [152.4718708098916, -8.96211882366273]]],
         [[[147.8201901622919, -10.049476639353461],
           [147.816241950622, -10.070773421455709],
           [147.81589862786808, -10.093420837620062],
           [147.82688495599308, -10.11167281952321],
           [147.8327214428095, -10.125530113402743],
           [147.84284946404972, -10.128064919502924],
           [147.84817096673527, -10.122826298154926],
           [147.85366413079777, -10.11386974746601],
           [147.87392017327824, -10.103729954721354],
           [147.8890263744501, -10.105757938862045],
           [147.90619251214542, -10.107785910209309],
           [147.92112705194035, -10.122826298154926],
           [147.92593357049503, -10.138372924552483],
           [147.93400165521183, -10.145132092128028],
           [147.94601795159855, -10.149187524192977],
           [147.96713230096378, -10.164394936634295],
           [147.9755437084345, -10.165915638095942],
           [147.9817235180048, -10.165239771673093],
           [147.99064990960636, -10.171153554393856],
           [148.00163623773136, -10.167943228786548],
           [148.0263554760126, -10.150877272388975],
           [148.04609653436222, -10.121136402056367],
           [148.00815937005558, -10.083956439399714],
           [147.87168857537785, -10.018035969155612],
           [147.84061786614933, -10.027164220073068]]],
         [[[146.9329619564761, -9.260640347110938],
           [146.96866752288236, -9.316207025758214],
           [147.0098662533511, -9.403604988243632],
           [147.0153594174136, -9.421556106775109],
           [147.0150160946597, -9.441877001438403],
           [147.04934837005032, -9.479806129632353],
           [147.09535361907376, -9.49368985241522],
           [147.18996192667794, -9.534321902774536],
           [147.26343299601388, -9.555651793317379],
           [147.3259177372248, -9.600338654885446],
           [147.3533835575373, -9.638250158526084],
           [147.38771583292794, -9.640281011869845],
           [147.40968848917794, -9.619971928620265],
           [147.39286567423653, -9.548541978178026],
           [147.31081153605294, -9.468292372406948],
           [147.04816962931466, -9.288424788135544],
           [146.9338447299237, -9.243971897568153]]],
         [[[148.09153890216055, -10.093337463804447],
           [148.16295003497305, -10.162283967532977],
           [148.29341268145743, -10.227161214082406],
           [148.4513411482543, -10.237972802375573],
           [148.59690999591055, -10.279864223425818],
           [148.84822225176993, -10.275810457339304],
           [148.93611287676993, -10.298781110392483],
           [149.06245565020743, -10.279864223425818],
           [149.21626424395743, -10.331207418182354],
           [149.30003499591055, -10.377138959140343],
           [149.3522200545043, -10.423063758296347],
           [149.44835042559805, -10.423063758296347],
           [149.54722737872305, -10.400102203226055],
           [149.56233357989493, -10.302834581453848],
           [149.35359334551993, -10.23256705426316],
           [148.85920857989493, -10.169042629946926],
           [148.62986898028555, -10.120377074323313],
           [148.38679647051993, -10.081168897577934],
           [148.1492171248168, -10.020319184743258],
           [148.09565877520743, -10.047364915480143]]],
         [[[147.902773964949, -5.759831660084116],
           [147.9141036158279, -5.799113082511959],
           [147.9305831080154, -5.829511611306485],
           [148.0006209498123, -5.861274606779395],
           [148.07958518321072, -5.8459056405301855],
           [148.1001845484451, -5.794331142145996],
           [148.09228812510526, -5.759490070557023],
           [148.0449095850662, -5.743435131292858],
           [147.94465934092557, -5.747534307788402]]],
         [[[148.47605655617704, -5.494871084796425],
           [148.48395297951689, -5.50649030506125],
           [148.55467746682157, -5.562191050796419],
           [148.85130832619657, -5.55774885284243],
           [148.98589084572782, -5.543396907469149],
           [149.1434759897708, -5.595335621099682],
           [149.21214054055204, -5.598069110214444],
           [149.21935031838407, -5.5399797261574575],
           [149.1712851328372, -5.512641565035347],
           [149.1218466562747, -5.494187594187631],
           [149.02398054472422, -5.451809648618068],
           [148.95016615263438, -5.437796926709254],
           [148.88356153837657, -5.447024853478763],
           [148.81661360136485, -5.4600120658289075],
           [148.7644285427711, -5.4538602634340725],
           [148.4770593042379, -5.426518157435145],
           [148.45817655277307, -5.476416563367227]]],
         [[[150.01400337780416, -5.212186456451134],
           [150.00919685924947, -5.219366381509359],
           [149.99941216076314, -5.2260333811878565],
           [149.99031410778463, -5.234067876254246],
           [149.988940816769, -5.240905663105889],
           [149.9882541712612, -5.246375838698704],
           [149.97812615002096, -5.247401491285163],
           [149.9801860865444, -5.255435711514732],
           [149.9772678431362, -5.256803228046326],
           [149.97520790661275, -5.258854497212769],
           [149.97108803356588, -5.2581707415748795],
           [149.96576653088033, -5.255948530565945],
           [149.9527202662319, -5.258341680554756],
           [149.9391590174526, -5.265862949181243],
           [149.92954598034322, -5.275264406984926],
           [149.9149547633022, -5.291844812568864],
           [149.88886263326927, -5.337652278634022],
           [149.90208055929466, -5.374911053523723],
           [149.91701509908958, -5.393197784332104],
           [149.93606951193138, -5.408236925804371],
           [149.9432792897634, -5.427718894186807],
           [149.9422493215017, -5.444978708836273],
           [149.9597587819509, -5.457282432641115],
           [149.98121645407005, -5.398495706286324],
           [149.9846496816091, -5.339703279391915],
           [150.0114288564138, -5.257657924353641],
           [150.02378847555443, -5.217827833054866],
           [150.02396013693138, -5.213041213740343]]],
         [[[150.0879516904421, -5.47065989344108],
           [150.08829501319602, -5.5574603409948296],
           [150.16622927833274, -5.594363753118335],
           [150.32553103614524, -5.5813794839035875],
           [150.33686068702414, -5.533540226447048],
           [150.32484439063742, -5.516795570349876],
           [150.311798125989, -5.521238076254419],
           [150.29737857032492, -5.531148161711115],
           [150.27746585059836, -5.546183836371095],
           [150.24845097211875, -5.536059283845373],
           [150.22390339521445, -5.53161688912853],
           [150.20999882368125, -5.535290410224942],
           [150.18459293989218, -5.536059283845373],
           [150.1688000932125, -5.538793048617931],
           [150.15283558515586, -5.529481110562272],
           [150.1373002305416, -5.522646567371457],
           [150.11180851606406, -5.489583353434808],
           [150.10537121442832, -5.477280293512615],
           [150.09816143659629, -5.474802563281141]]],
         [[[146.88400277138288, -2.2196689291375504],
           [146.92726143837507, -2.213493743518965],
           [146.95541390419538, -2.2265302162334275],
           [147.02133187294538, -2.2107492083157845],
           [147.05360421181257, -2.2189827986747317],
           [147.11196907997663, -2.238880452437045],
           [147.17994698525007, -2.2279024698222765],
           [147.21908577919538, -2.1990848771587324],
           [147.21084603310163, -2.1421341951649646],
           [147.27333077431257, -2.076260889570032],
           [147.33787545204694, -2.0597921307480265],
           [147.40585335732038, -2.073516108313734],
           [147.4175263309532, -2.0543025065732037],
           [147.4120331668907, -2.009698615195956],
           [147.39967354775007, -1.9946016361521592],
           [147.35366829872663, -2.010384838207446],
           [147.28431710243757, -2.0110710609304463],
           [147.21839913368757, -1.985680628803989],
           [147.0714569950157, -1.9554860940233474],
           [146.92245491982038, -1.945192378020554],
           [146.80503853798444, -1.9390161182486683],
           [146.67526253700788, -1.9506823677262088],
           [146.59835824013288, -1.9719559081539302],
           [146.54685982704694, -1.9747008613648556],
           [146.51390084267194, -2.0028363692352826],
           [146.48643502235944, -2.0790056660593645],
           [146.47132882118757, -2.1757559417662233],
           [146.53587349892194, -2.289652546028425],
           [146.60316475868757, -2.2622083919516256],
           [146.68624886513288, -2.2189827986747317],
           [146.7308808231407, -2.191537320141708],
           [146.7748261356407, -2.202515572280561],
           [146.81808480263288, -2.213493743518965],
           [146.86477669716413, -2.218296667893539]]]]),
    mid_mask = 
    /* color: #14ff46 */
    /* shown: false */
    ee.Geometry.Polygon(
        [[[150.36947762100823, -2.4342932709534937],
          [150.34750496475823, -2.460362001002339],
          [150.3729108485473, -2.4740821808825157],
          [150.39213692276604, -2.4486997370777552],
          [150.38115059464104, -2.43360724490873]]]);
/***** End of imports. If edited, may not auto-convert in the playground. *****/
///////////////////////////////
// Global coral atlas project - PNG - Solomons
// Contact: mitchell.lyons@gmail.com
// Region coordinator: Chris Roelfsema (chris.m.roelfsema@gmail.com)
// Description:
// - Developing a process to combine OBIA and supervised classification
// - This script loads the raw classification data (from *_classification script)
// - Then applied some cleanup and object-based relational rules
///////////////////////////////

// Table of contents
// 1. Setting constants
// 2. Data loads & vis
// 3. OBIA clean up rules
// 4. Export

// Load and libraries needed
var map_palettes = require('users/mitchest/global_reefs:Modules/colour_pals');
var pkg_vis = require('users/mitchest/global_reefs:Modules/pkg_vis');
var param_module = require('users/mitchest/global_reefs:Modules/reef_params');

// ###########################################
// SENSOR GENERICS
var sensor_params = param_module.dove;         //<------------ THIS IS WHERE YOU CHOOSE THE SENSOR
// REGION AND SENSOR SPECIFIC LOAD PATHS
var region_params = param_module.png_solomons;  //<------------ THIS IS WHERE YOU CHOOSE THE REGION
//  ^^ all the data paths are in this module ^^
// ###########################################

// 1. Setting constants

// These will get written to the asset metadata 

var vars = {
  
  // analysis type
  geomorphic: true, // map geomorphic zonation (when set to true) or benthic habitat (when set to false)

  // analysis parameters
  image_data_scale: sensor_params.pixel,
  small_object_geo: ee.Number(400).int(), // smallest object szie in pixels (geomorphic)
  small_object_benthic: ee.Number(130).int(), // smallest object szie in pixels (benthic)
  smooth_radius: ee.Number(3), // radius in pixels for initial smooth 
  dist_to_land: 1000, //distance to land in meters to disallow reef crest, and convert to terrestrial reef flat
  wave_height: 0.4, //cut off height for waves in metres, Hs95 threshold
  geo_depth_cutoff: 1000, //depth in centimetres
  shallowlag_depth_cutoff: 500, //depth in centimetres
  benthic_depth_cutoff: 800, //depth in centimetres
  
  //############
  // Clean-up stage selection
  cleanup_stage: 2, // set to 1, 2 or 3
  geo_refinement: false, // set to true to apply the refinement_mask (the other stage 3 masks will still run)
  
  /*
  - GEOMORPHIC 1: The first pass does a small object filter, just to generally clean noise and reduce the amount of cleaning needed
  -            2: The second pass runs the OBIA cleanup rules
  -            3: The third pass is the MANUAL cleanup stage, which includes AT LEAST the no_reef masking
                        - see below where it starts/ends (only that section is run)
                        - please put region specific stuff in here ONLY

  - BENTHIC 1: This is the main benthic stge - it does noise removal, no data reclaim and OBIA rules - review those if needed
            2: The second mas is the MANUAL stage - it's optional, but shuold include ALL region specific stuff
                        - see below where it starts/ends (only that section is run)
                        - please put region specific stuff in here ONLY
  */
  
  // DON'T TOUCH ---> DO WE NEED TO KEEP IT LINE 68-91
  obia_2nd_pass: null,
  obia_clean: null, // run object-based relationship rules + small object clean up
  fast_clean: null, // run a faster (but less precise) version of the OBIA clean; only applies to geomorphic (`obia_clean: true` also)
  manual_clean: false, // apply manual touch ups
  // --------------<
  //############
  
  smooth_output: false, // run smoother over final output (includes noise removal) (should be false for second pass)
  
  // results/layers to show
  export_small_area: false,
  show_eg_area: false, // constrain the map add to the corresponding example_area polygon geomtery (you can change that)
                              // - you can either set this, or have it false and just navigate to the area you want to see (keeping in mind ALL tiles in the zoom area will calcualte)
  reproject_display: true,
  //reproject_res: ee.Number(sensor_params.pixel).pow(2),
  
  // export options
  do_export: true, // export the results?
  geomorph_output_name: region_params.sname + '_geo_clean', // DO NOT CHANGE - change in the pop up dialouge if you must
  benthic_output_name: region_params.sname + '_benthic_clean', // DO NOT CHANGE - change in the pop up dialouge if you must
  asset_output: region_params.asset // asset path

};


// Clean up stage auto-parameterisation (DON'T TOUCH) --->

// Geomorphic

if (vars.geomorphic) {
  var temp_outname = vars.geomorph_output_name;
  if (vars.cleanup_stage == 1) {
    vars.obia_2nd_pass = false;
    vars.obia_clean = false;
    vars.fast_clean = true;
    vars.manual_clean = false;
    vars.geomorph_output_name = temp_outname + '1';
  } else if (vars.cleanup_stage == 2) {
    vars.obia_2nd_pass = true;
    vars.obia_clean = true;
    vars.fast_clean = true;
    vars.manual_clean = false;
    vars.geomorph_output_name = temp_outname + '2';
  } else if (vars.cleanup_stage == 3) {
    vars.manual_clean = true;
    vars.obia_2nd_pass = false;
    vars.obia_clean = false;
    vars.fast_clean = false;
    vars.smooth_output = false;
    vars.do_export = false;
    vars.geomorph_output_name = temp_outname + '3';
  }
}

// Benthic

if (!vars.geomorphic) {
  var temp_outname = vars.benthic_output_name;
  if (vars.cleanup_stage == 1) {
    vars.obia_2nd_pass = true,
    vars.obia_clean = true, 
    vars.fast_clean = false, 
    vars.manual_clean = false;
    vars.benthic_output_name = temp_outname + '1';
  } else if (vars.cleanup_stage == 2) {
    vars.manual_clean = true;
    vars.obia_2nd_pass = false,
    vars.obia_clean = false, 
    vars.fast_clean = false,
    vars.smooth_output = false,
    vars.do_export = false;
    vars.benthic_output_name = temp_outname + '2';
  }
}
// END OF INITIAL SETTINGS -----------------------------------------<

// ############################
// START OF CLEAN 3 - Manual Cleanup

// review everything in this section
// first review the reef_boundary object - as it is required for all cleanup stages
// ############################

// This can be hand drawn or imported from elsewhere, or could just be a big box
// Reef_boundary defines export extent and can be used to clip out unwanted areas
Map.addLayer(reef_boundary, {}, "Manual reef outline", false);

// ############################
// This is the section to add/remove manual cleanups
// You MUST review it for each region
// ############################

if (vars.manual_clean && vars.geomorphic) {
  
  print("Doing GEOMORPHIC manual clean ups - make sure this is what you want to do");
  print("Export the manual map, check 'manual' layer in the viewer for effects");
  
  var depth = ee.Image(region_params.pixels).select('depth');
  var depth_cont = depth.lt(900);// WHY DO WE HAVE THIS CHRIS ASK
  Map.addLayer(depth_cont, {}, "depth contour", false);
  
  // update these values based on inspection of the layer
  //Map.addLayer(waves.lt(vars.wave_height), {}, vars.wave_height + "m Hs95 threshold", false)
  
  
  var midmask = ee.Image().byte().paint(ee.Feature(mid_mask, {zone: 1}), "zone").clip(mid_mask);
  var TerrestrialRF = ee.Image().byte().paint(ee.Feature(Terrestrial_RF, {zone: 1}), "zone").clip(Terrestrial_RF);
  
 
  // define the manually edited map - uses the output from the second pass of cleaning
  var man_geo = ee.Image(region_params.geo_map_clean2);
 
  /* // "LAND MASK" CLEAN
  // remove
  man_geo = man_geo.where({
    test: landmask.eq(1),
    value: ee.Image(0)
  });*/
  
  // "NOT REEF" CLEAN
  // remove
  man_geo = man_geo.where({
    test: midmask.eq(1),
    value: ee.Image(0)
  });
  
  /*// WAVE clean ############# ---> (to be integrated into RF classifier when feasible)
  // remove
  man_geo = man_geo.where({
    test: waves.lte(vars.wave_height)
               .and(man_geo.eq(22)),
    value: ee.Image(21)
  })*/
  
  // **Terrestrail Reef Flat clean**
  
// R
  man_geo = man_geo.where({
    test: TerrestrialRF.neq(1)
                     .and(man_geo.eq(16)),
    value: ee.Image(14)
  });
  
  /*   // Deep water -> Deep lagoon (inside the reef)
  man_geo = man_geo.where({
    test: notdeepwater.eq(1)
                     .and(man_geo.eq(2)),
    value: ee.Image(12)
  });
  
  // Shallow lagoon/Deep lagoon/Shelterd reef slope -> Reef slope (around the reef edge)
  man_geo = man_geo.where({
    test: reefslope.eq(1)
                     .and(man_geo.eq(11)).or(man_geo.eq(12)).or(man_geo.eq(21)),
    value: ee.Image(22)
  });
  
  // Reef slope/Sheletered reef slope -> Deep lagoon (insided the reef)
  man_geo = man_geo.where({
    test: notdeepwater.eq(1)
                     .and(man_geo.eq(22)).or(man_geo.eq(21)),
    value: ee.Image(12)
  });
  

  // **Shallow Water clean**
  
  // Create smoothed depth layer to use in where operations
  var smooth_depth = depth
                      //.unmask(99)
                      .focal_mode({
                        radius: vars.smooth_radius, // relates to smoothness required
                        kernelType: 'circle', units: 'pixels', iterations: 2
                      });
  
  
  // **Litchfield Coast**
  
  // Inner reef flat/Outer reef flat -> TRF
  man_geo = man_geo.where({
    test: litchfield.eq(1)
                     .and(man_geo.eq(13)).or(man_geo.eq(14)),
    value: ee.Image(16)
  });
  
  // Non TRF -> Mask
  man_geo = man_geo.where({
    test: litchfield.eq(1)
                     .neq(man_geo.eq(16)),
    value: ee.Image(0)
  });
  
  // **Arnhem Land Coast**
  
  // Shallow lagoon, IRF, SRS, BRS, RC -> TRF
  man_geo = man_geo.where({
    test: arnhemcoast.eq(1)
                     .and(man_geo.eq(11)).or(man_geo.eq(13)).or(man_geo.eq(21)).or(man_geo.eq(24)).or(man_geo.eq(15))
                     .and(smooth_depth.lte(300)),
    value: ee.Image(16)
  });
  
  // Shallow lagoon, IRF, BRS -> Mask
  man_geo = man_geo.where({
    test: arnhemcoast.eq(1)
                     .and(man_geo.eq(11)).or(man_geo.eq(16)).or(man_geo.eq(21)).or(man_geo.eq(24))
                     .and(smooth_depth.gt(300)),
    value: ee.Image(0)
  });
  
  // **Northern WA Coast** was 150 and BRS
  // Shallow lagoon, IRF, BRS -> TRF 
 
  
  // Shallow lagoon, IRF, Sheltered slope -> TRF
  man_geo = man_geo.where({
    test: northernwa.eq(1)
                     .and(man_geo.eq(11)).or(man_geo.eq(13)).or(man_geo.eq(21)),
    value: ee.Image(16)
  });
  
  // **Dampier Coast**
  
  // Shallow lagoon, IRF, Sheltered slope -> TRF
  man_geo = man_geo.where({
    test: dampier.eq(1)
                     .and(man_geo.eq(11)).or(man_geo.eq(13)).or(man_geo.eq(21)),
    value: ee.Image(16)
  });
  
  // **Wellesley Island & Tiwi Islands**
  
  // Shallow lagoon -> BRS 
  man_geo = man_geo.where({
    test: welleslytiwi.eq(1)
                     .and(man_geo.eq(11)),
    value: ee.Image(24)
  });
  
  // IRF, SRS -> TRF 
  man_geo = man_geo.where({
    test: welleslytiwi.eq(1)
                     .and(man_geo.eq(13)).or(man_geo.eq(21)),
    value: ee.Image(16)
  });
  
  // BRS -> TRF
  man_geo = man_geo.where({
    test: tiwi.eq(1)
                     .and(man_geo.eq(24)),
    value: ee.Image(16)
  });
  
  // **Mid-Shelf**
  
  // Shallow lagoon, Deep lagoon, SRS -> BRS 
  man_geo = man_geo.where({
    test: midshelf.eq(1)
                     .and(man_geo.eq(11)).or(man_geo.eq(12)).or(man_geo.eq(21)),
    value: ee.Image(24)
  });
  
  // Reef crest -> Outer reef flat
  man_geo = man_geo.where({
    test: midshelf.eq(1)
                     .and(man_geo.eq(15)),
    value: ee.Image(14)
  });
  
  // **Inshore reef**
  
  // Inner reef flat, TRF -> Outer reef flat
  man_geo = man_geo.where({
    test: inshorereefouter.eq(1)
                     .and(man_geo.eq(13)).or(man_geo.eq(16)),
    value: ee.Image(14)
  });
  
  // TRF, SRS -> Inner reef flat
  man_geo = man_geo.where({
    test: inshorereefinner.eq(1)
                     .and(man_geo.eq(16)).or(man_geo.eq(21)),
    value: ee.Image(13)
  });*/ 
  
  if (vars.geo_refinement) {
    // make the mask image layer
    var refine = ee.Image().byte().paint(ee.Feature(refinement_mask, {zone: 1}), "zone").clip(refinement_mask);
    // apply
    man_geo = man_geo.where({
      test: refine.eq(1),
      value: ee.Image(0)
    });
  }
  
  // Add the manual layer to the map
  var image = ee.Image(region_params.image);
  Map.addLayer(image, {bands: ['b3','b2','b1'], min:0, max:4000, gamma:1.5}, sensor_params.sname + ' low tide', true);
  
  var geo_clean1 = ee.Image(region_params.geo_map_clean1);
  Map.addLayer(geo_clean1, map_palettes.geo, 'Geo clean stage 1', false);
  var geo_clean2 = ee.Image(region_params.geo_map_clean2);
  Map.addLayer(geo_clean2, map_palettes.geo, 'Geo clean stage 2', false);
  Map.addLayer(man_geo.updateMask(man_geo.gt(2)), map_palettes.geo, 'Geo clean stage 3 - MANUAL', true);
  
  // Export
  var output_name = (vars.geomorphic) ? vars.geomorph_output_name : vars.benthic_output_name;
  Export.image.toAsset({
    image: man_geo,
    description: output_name,
    assetId: vars.asset_output + 'in_out/' + output_name,
    region: reef_boundary,
    scale: vars.image_data_scale,
    crs: 'EPSG:4326',
    maxPixels: 1e13,
    pyramidingPolicy: {'.default': 'mode'}
  });
  
} 

if (vars.manual_clean && !vars.geomorphic) {
  
  print("Doing BENTHIC manual clean ups - make sure this is what you want to do");
  print("Export the manual map, check 'manual' layer in the viewer for effects");
  
  var depth = ee.Image(region_params.pixels).select('depth');
  var depth_cont = depth.lt(900);
  Map.addLayer(depth_cont, {}, "depth contour", false);
  
  // define the final geomorphic map (the manually edited geo map - stage 3)
  var geo_map = ee.Image(region_params.geo_map_clean3);
  
  var man_benthic = ee.Image(region_params.benthic_map_clean1);
  
  // **Generic benthic rules**
  
  // BMA on inner RF, outer RF,reef crest, reef slope -> rubble 
  man_benthic = man_benthic.where({
    test: man_benthic.eq(18)
                     .and(geo_map.eq(13).or(geo_map.eq(14)).or(geo_map.eq(15)).or(geo_map.eq(22))),
    value: ee.Image(12)
  });
    
  // **Manual polygon guided rules**
    
  // Sub-regions copied here to run in benthic clean, originally defined under manual cleanup for geo
  var subreg_1 = ee.Image().byte().paint(ee.Feature(inner, {zone: 1}), "zone").clip(inner);
  var subreg_2 = ee.Image().byte().paint(ee.Feature(outer, {zone: 1}), "zone").clip(outer);
  var ashmore = ee.Image().byte().paint(ee.Feature(ashmore_reef, {zone: 1}), "zone").clip(ashmore_reef);
   
  // **Inshore**
    
  // Rock on TRF -> coral/algae
  man_benthic = man_benthic.where({
    test: subreg_1.eq(1)
                      .and(geo_map.eq(16))
                      .and(man_benthic.eq(13)),
    value: ee.Image(15)
  });
    
  // **Offshore**
    
  // Seagrass -> Coral/algae (Ashmore Reef)
  man_benthic = man_benthic.where({
    test: ashmore.eq(1)
                      .and(man_benthic.eq(14)),
    value: ee.Image(15)
  });
  
  // Seagrass -> Sand
  man_benthic = man_benthic.where({
    test: subreg_2.eq(1)
                      .and(man_benthic.eq(14)),
    value: ee.Image(11)
  });
  
  // Sand on RC, RS -> Coral/algae
  man_benthic = man_benthic.where({
    test: subreg_2.eq(1)
                      .and(man_benthic.eq(11))
                      .and(geo_map.eq(15)).or(geo_map.eq(22)),
    value: ee.Image(15)
  });
     
  // Add the manual layer to the map

  var low_tide_image_dove = ee.Image(region_params.image);
  Map.addLayer(low_tide_image_dove, {bands: ['b3','b2','b1'], min: 0, max: 3000}, sensor_params.sname + ' low tide', false); // image data
  
  var benthic_clean1 = ee.Image(region_params.benthic_map_clean1);
  var geo_clean1 = ee.Image(region_params.geo_map_clean1);
  var geo_clean2 = ee.Image(region_params.geo_map_clean2);
  Map.addLayer(geo_clean1, map_palettes.geo, 'Geo clean stage 1', false);
  Map.addLayer(geo_clean2.updateMask(geo_clean2.gt(2)), map_palettes.geo, 'Geo clean stage 2', false);
  Map.addLayer(geo_map.updateMask(geo_map.gt(2)), map_palettes.geo, 'Geo clean stage 3 - MANUAL', true);
  Map.addLayer(benthic_clean1, map_palettes.benthic, 'Benthic clean stage 1', false);
  Map.addLayer(man_benthic, map_palettes.benthic, 'Benthic clean stage 2 - MANUAL', true);
  
  // Export
  var output_name = (vars.geomorphic) ? vars.geomorph_output_name : vars.benthic_output_name;
  Export.image.toAsset({
    image: man_benthic,
    description: output_name,
    assetId: vars.asset_output + 'in_out/' + output_name,
    region: reef_boundary,
    scale: vars.image_data_scale,
    crs: 'EPSG:4326',
    maxPixels: 1e13,
    pyramidingPolicy: {'.default': 'mode'}
  });
  
}

// ############################
// END OF MANUAL SECTION
// ############################


// 2. Data loads & vis

// load input data

// define raw geo/benthic outputs
// Run check to see if the region has been split into multiple areas

// geo
if (ee.List(region_params.geo_map).length().getInfo() > 1) {
  var geo_map_raw = ee.Image(region_params.geo_map[0]).unmask(0, false)
               .add(ee.Image(region_params.geo_map[1]).unmask(0,false))
               .selfMask();
} else {
  var geo_map_raw = ee.Image(region_params.geo_map);
}

// benthic
if (ee.List(region_params.benthic_map).length().getInfo() > 1) {
    var benthic_map = ee.Image(region_params.benthic_map[0]).unmask(0, false)
             .add(ee.Image(region_params.benthic_map[1]).unmask(0,false))
             .selfMask();
} else {
    var benthic_map = ee.Image(region_params.benthic_map);
}

// set the geo map for further processing
if (vars.geomorphic && vars.obia_2nd_pass) {
  // if it's 2nd pass, you want to make sure you're loading the latest geo clean map
  var geo_map = ee.Image(region_params.geo_map_clean1);
} else if (vars.geomorphic) {
  var geo_map = geo_map_raw;
}

var depth = ee.Image(region_params.pixels).select('depth');
var low_tide_image = ee.Image(region_params.image);

var display_pal = (vars.geomorphic) ? map_palettes.geo : map_palettes.benthic;
//Map.centerObject(eg_area, 11)
Map.addLayer(depth, {min:0, max:2500}, 'Depth data', false);
Map.addLayer(low_tide_image, {bands: ['b3','b2','b1'], min:0, max:3000}, sensor_params.sname + ' low tide', false);

// load for display purposes
if (vars.geomorphic) {
  Map.addLayer(geo_map_raw, display_pal, 'Geomorphic map RAW', false);
  if (vars.cleanup_stage == 2) Map.addLayer(ee.Image(region_params.geo_map_clean1), display_pal, 'Geomorphic map - stage 1 clean', false);
}
if (!vars.geomorphic) {
  // Use the manually cleaned geomorphic map as input for the benthic clean
  var geo_map = ee.Image(region_params.geo_map_clean3);
  if (!vars.manual_clean) Map.addLayer(geo_map.updateMask(geo_map.gt(2)), map_palettes.geo, 'Final geo map (manual clean - stage 3)', false);
  Map.addLayer(benthic_map, display_pal, 'Benthic map RAW', false);
}

// 3. Object-based re-classificaiton and cleaning

/*

// if we want to retain the land/waves flags, need to add them in before makign the mask

######## Not that straight forwards - the land and bright masks are a LOT of not land and not breakign waves... =(

// add in land, for geomorphic clean up rules
  geo_map = geo_map.unmask(0).where({
    test: depth.eq(-2).and(globcover.select('landcover').neq(210)),
    value: ee.Image(1)
  })
  
  // change -3 to reef rim, hope that clouds have been handleded by masking
  geo_map = geo_map.unmask(0).where({
    test: depth.eq(-3),
    value: ee.Image(15)
  })
  
  // remask
  geo_map = geo_map.updateMask(geo_map.gt(0))

*/


/* OUTPUT EXTENT
  - to the mapping extent just so it doesn't balloon out
  - to the 'reef boundary' extent for noise/deep removal
*/  
var class_extent_mask = geo_map.gt(0);

/*

########
Initial small object clean
 - this was originally at the end, but we needed to massively reduce the number of objects to 
   iterate through in the OBIA cleaning, so this happens first now
 - future collabs with google might fix this, but need to change the parallel serialisation of vector procesing
 
 - includes a possible special case for:
      - geomorphic to clean up turbid areas over size threshold; fix shallow vs. deep lagoon
      - benthic to allow breaking waves (temporal class) to grow into surrounding class
########

*/

// ############################
// START OF CLEAN 1
// ############################

// Geomorphic Clean

if (vars.geomorphic && !vars.obia_2nd_pass) {
  
  // make a smooth map with masked area as a value
  var smooth_map = geo_map
                      //.unmask(99)
                      .focal_mode({
                        radius: vars.smooth_radius, // relates to smoothness required
                        kernelType: 'circle', units: 'pixels', iterations: 2
                      });
  //smooth_map = smooth_map.updateMask(smooth_map.neq(99)).updateMask(class_extent_mask)
  
  //replace small objects with smooth underneath
  var clean_map = geo_map.where({
    test: geo_map.connectedPixelCount(vars.small_object_geo, false).lt(vars.small_object_geo), 
    value: smooth_map
  //}).updateMask(smooth_map.neq(99)).updateMask(class_extent_mask)
  }).updateMask(class_extent_mask);
  
  // shallow lagoon > 5m == deep lagoon
  clean_map = clean_map.where({
    test: clean_map.eq(11)
                   .and(depth.gt(vars.shallowlag_depth_cutoff)),
    value: ee.Image(12)
  });
  
  /*// deep lagoon == deep (to hard to differentiate deep water vs. deep lagoon effectively over large areas)
  clean_map = clean_map.where({
    test: clean_map.eq(12),
    value: ee.Image(2)
  })*/
  
  // deep water in depth data == deep (s2 + ls8 data should be good enough for this)
  clean_map = clean_map.where({
    test: depth.gt(vars.geo_depth_cutoff),
    value: ee.Image(2)
  });
  
  // deep water in depth data == deep (only for inshore reefs of Timor Sea)
  //  var inner_extent = ee.Image().byte().paint(ee.Feature(inner, {zone: 1}), "zone").clip(inner);
   // clean_map = clean_map.where({
   //   test: depth.gt(700)
   //                  .and(inner_extent.eq(1)),
   //   value: ee.Image(2)
  //  });
  
  // LAND mask cleaning
  Map.addLayer(land_dist.lte(vars.dist_to_land), {}, "Land mask (dist to land)", false);
  
  // reef crest close to terrestrial main land not including coral cays -> TRF 
  //var inner_extent = ee.Image().byte().paint(ee.Feature(inner, {zone: 1}), "zone").clip(inner);
  clean_map = clean_map.where({
    test: land_dist.lte(vars.dist_to_land)
  //                 .and(inner_extent.eq(1))
                   .and(clean_map.eq(15)),
    value: ee.Image(16)
  });
  
  // TRF far from land -> ORF
  clean_map = clean_map.where({
    test: land_dist.gt(vars.dist_to_land)
                   .and(clean_map.eq(16)),
    value: ee.Image(14)
  });
  
  
  
  /*//CLEAN UP SMALL (but slightly larger) TURBID AREAS
  var smooth_noturbid = clean_map
                          .updateMask(clean_map.neq(3))
                          .focal_mode({
                            radius: vars.smooth_radius.multiply(1.5),
                            kernelType: 'circle', units: 'pixels', iterations: 2
                          })
  
  clean_map = clean_map.where({
    test: clean_map.eq(3).connectedPixelCount(vars.small_object_geo.multiply(10), false).lt(vars.small_object_geo.multiply(10)), 
    value: smooth_noturbid
  }).updateMask(class_extent_mask)*/
}

// Benthic Clean 1
if (!vars.geomorphic && vars.cleanup_stage == 1) {
  
  // make a smooth map with masked area as a value, and without temporal class (basically breaking waves)
  var smooth_map = benthic_map
                      //.unmask(99)
                      .focal_mode({
                        radius: vars.smooth_radius, // relates to smoothness required
                        kernelType: 'circle', units: 'pixels', iterations: 1
                      });
  //smooth_map = smooth_map.updateMask(smooth_map.neq(99)).updateMask(class_extent_mask)
  
  //replace small objects with smooth underneath
  var clean_map = benthic_map.where({
    test: benthic_map.connectedPixelCount(vars.small_object_benthic, false).lt(vars.small_object_benthic),
    value: smooth_map
  //}).updateMask(smooth_map.neq(99)).updateMask(class_extent_mask)
  }).updateMask(class_extent_mask);
  
  
  /*// CLEAN UP ALL TEMPORAL AREAS
  var smooth_notemp = benthic_map
                          .updateMask(benthic_map.neq(2))
                          .focal_mode({
                            radius: vars.smooth_radius.multiply(2),
                            kernelType: 'circle', units: 'pixels', iterations: 3
                          })
  
  
  clean_map = clean_map1.where({
    test: benthic_map.eq(2), 
    value: smooth_notemp
  }).updateMask(clean_map1.gte(0))
  
  // this catches any left over unmasked temporal, and assigned it back to temporal
  clean_map = clean_map.where({
    test: clean_map.unmask(99).eq(99).and(clean_map1.eq(2)),
    value: ee.Image(2)
  })*/
  
}

// ############################
// START OF CLEAN 2
// ############################

if (vars.geomorphic && vars.obia_2nd_pass) {
  var clean_map = geo_map;
}

if (vars.obia_clean) {
  
  if (vars.geomorphic && !vars.fast_clean) { // SHOULD TRY TO PUT THIS OUT TO A MODULE TO KEEP THE RULES THE SAME EVERYWEHRE?
    
    // #########
    // THE PLAN - vectorise one/few class/es at a time, thus only spending resources on what is actually needed to clean up
    // #########
    
    // FUNCTION that maps over feature colleciton and assigns neighbour percentages
    var set_neighbour_properties = function(f) {
      // make the 1px buffer
      var diff = f.buffer(vars.image_data_scale).difference(f, ee.ErrorMargin(0.5));
      // reduce the classes in the buffer zone
      var diff_classes = ee.Dictionary(
        clean_map.unmask(ee.Image(0)).reduceRegion({
          reducer: ee.Reducer.frequencyHistogram(),
          geometry: diff.geometry(),
          scale: vars.image_data_scale,
          maxPixels: 1e11
        }).get('classification')
      );
      // calculate the percentages
      var diff_sum = diff_classes.toArray().reduce(ee.Reducer.sum(), [0]).get([0]);
      var diff_percs = diff_classes.map(function(k,v){return(ee.Number(v).divide(diff_sum).multiply(100).toUint8())});
      
      /* NOW, we can try to do the class logic right here (see /users/mitchest/global_reefs/obia_dev),
         or we can return the neighbour % and do image logic via (painted) rasters */
      
      return(f.set(diff_percs));
    };
    
    // FUNCTION to reduce the map to vectors and map the neighbour properties function
    var reduce_neighbours = function() {
      // reduce map to vectors
      var map_fc = clean_map
            .updateMask(segment_id).updateMask(clean_map.eq(classn)) // only vectorise class/es of interest
            .reduceToVectors({
              scale: vars.image_data_scale, 
              eightConnected: false,
              bestEffort: true, 
              maxPixels: 1e13,
              tileScale: 1,
              geometry: reef_boundary
            });
      // map the function, calculate neighbour properties
      return(map_fc.map(set_neighbour_properties));
    };
    
    // first make a make size threshold, so we're not vecortising huge objects when we don't have to
    var segment_id = clean_map.connectedComponents(ee.Kernel.plus(1),vars.small_object_geo.sqrt()).select('labels');
    //Map.addLayer(segment_id.reproject(ee.Projection('EPSG:4326').atScale(ee.Number(vars.image_data_scale))))
    Map.addLayer(clean_map.updateMask(segment_id).reproject(ee.Projection('EPSG:4326').atScale(ee.Number(vars.image_data_scale))), display_pal, 'Map objects to be iterated through (OBIA)', false);
    
    // This is where we select the single or group of classes to vectorise for cleaning up
    //var classn = ee.Number(15) // one class
    var classn = clean_map.where({
      test: clean_map.neq(16) //TRF
              .and(clean_map.neq(15)) //RR
              .and(clean_map.neq(14)) //ORF
              .and(clean_map.neq(13)) //IRF
              //.and(clean_map.neq(12)) // deep L
              .and(clean_map.neq(11)), // shallow L 
      value: ee.Image(99) // 99 ensures it's ignored in logic
    });
    
    // Minimum size of object to reclass based on neighbourhood
    var max_size = ee.Number(1000).divide(vars.image_data_scale).pow(2); // the first number is the square dimension of the desired min size;
    // calculate neighbours
    var map_fc_neighbours = reduce_neighbours();
    
    // #########
    // REEF RIM
    // #########
    
    var focus_class = ee.Number(15); //RR
    
    // start the object-based neighbourhood rules
    // paint out to rasters (only paint the layers needed)
    var objsize = ee.Image(30000).paint(map_fc_neighbours, 'count').rename('count');
    //var nb24 = ee.Image().byte().paint(map_fc_neighbours, '24').unmask(0).rename('nb24') //OCL
    var nb22 = ee.Image().byte().paint(map_fc_neighbours, '22').unmask(0).rename('nb22'); //SL ex
    var nb21 = ee.Image().byte().paint(map_fc_neighbours, '21').unmask(0).rename('nb21'); //Sl sh
    var nb16 = ee.Image().byte().paint(map_fc_neighbours, '16').unmask(0).rename('nb16'); //TRF
    var nb15 = ee.Image().byte().paint(map_fc_neighbours, '15').unmask(0).rename('nb15'); //RR
    var nb14 = ee.Image().byte().paint(map_fc_neighbours, '14').unmask(0).rename('nb14'); //ORF
    var nb13 = ee.Image().byte().paint(map_fc_neighbours, '13').unmask(0).rename('nb13'); //IRF
    //var nb3 = ee.Image().byte().paint(map_fc_neighbours, '3').unmask(0).rename('nb3') //Turbid
    
    // RR surrounded by ORF --> ORF
    clean_map = clean_map.where({
      test: clean_map.eq(focus_class)
              .and(nb14.gt(75)),
      value: ee.Image(14)
    });
    
    // RR surrounded by IRF --> IRF
    clean_map = clean_map.where({
      test: clean_map.eq(focus_class)
              .and(nb13.gt(75)),
      value: ee.Image(13)
    });
    
    // RR surrounded by IRF + ORF --> IRF
    clean_map = clean_map.where({
      test: clean_map.eq(focus_class)
              .and(nb13.add(nb14).gt(75)),
      value: ee.Image(13)
    });
    
    // RR with decent border to TRF --> TRF (often dark, probably seagrass)
    clean_map = clean_map.where({
      test: clean_map.eq(focus_class)
              .and(nb16.gt(40)),
      value: ee.Image(16)
    });
    
    /*// RR surrounded by OCL --> OCL
    clean_map = clean_map.where({
      test: clean_map.eq(focus_class)
              .and(nb24.gt(75)),
      value: ee.Image(24)
    })*/
    
    /* with 2nd/3rd pass method, we don't really need this
    // RR surrounded by IRF + ORF --> IRF
    clean_map = clean_map.where({
      test: clean_map.eq(focus_class)
              .and(nb13.lte(75).and(nb14.lte(75))) // to ensure we're no re-writing previous rules
              .and(nb13.add(nb14).gt(75))
              .and(nb21.add(nb22).lte(0)), // to not get rid of complex reef rims (if touching slope, it's probably RR)
      value: ee.Image(13) // could try assigning to a place-holder, then deal with at the end?
    })*/
    
    /*// small RR objects touching OCL + stuff --> ORF
    clean_map = clean_map.where({
      test: clean_map.eq(focus_class)
              .and(objsize.lte(max_size))
              .and(nb13.lte(75).and(nb14.lte(75))) // to ensure we're no re-writing previous rules
              .and(nb24.gt(1)),
      value: ee.Image(14)
    })*/
    
    // ####
    // ORF
    // ####
    
    focus_class = ee.Number(14); // ORF
    
    //classn = ee.Number(14)
    //map_fc_neighbours = reduce_neighbours()
    //var nb22 = ee.Image().byte().paint(map_fc_neighbours, '22').unmask(0).rename('nb22') //SL ex
    //var nb21 = ee.Image().byte().paint(map_fc_neighbours, '21').unmask(0).rename('nb21') //Sl sh
    //nb15 = ee.Image().byte().paint(map_fc_neighbours, '15').unmask(0).rename('nb15') //RR
    //nb13 = ee.Image().byte().paint(map_fc_neighbours, '13').unmask(0).rename('nb13') //IRF
    //var nb1 = ee.Image().byte().paint(map_fc_neighbours, '1').unmask(0).rename('nb1') //Land
    
    // ORF surrounded by IRF --> IRF
    clean_map = clean_map.where({
      test: clean_map.eq(focus_class)
              .and(nb13.gt(75)),
      value: ee.Image(13)
    });
    
    // ORF surrounded by TRF --> TRF
    clean_map = clean_map.where({
      test: clean_map.eq(focus_class)
              .and(nb16.gt(75)),
      value: ee.Image(16)
    });
    
    // ORF surrounded by RR --> RR
    clean_map = clean_map.where({
      test: clean_map.eq(focus_class)
              .and(nb15.gt(85)),
      value: ee.Image(15)
    });
    
    // ORF touching slope and RR --> RR
    clean_map = clean_map.where({
      test: clean_map.eq(focus_class)
              .and(nb21.gt(0).or(nb22.gt(0)))
              .and(nb15.gt(0)),
      value: ee.Image(15)
    });
    
    /*// ORF touching land --> TRF
    clean_map = clean_map.where({
      test: clean_map.eq(focus_class)
              .and(nb1.gt(10)),
      value: ee.Image(16)
    })*/
    
    // ####
    // IRF
    // ####
    
    focus_class = ee.Number(13); // IRF
    
    //classn = ee.Number(13)
    //map_fc_neighbours = reduce_neighbours()
    //nb15 = ee.Image().byte().paint(map_fc_neighbours, '15').unmask(0).rename('nb15') //RR
    //nb14 = ee.Image().byte().paint(map_fc_neighbours, '14').unmask(0).rename('nb14') //ORF
    
    // IRF surrounded by ORF --> ORF
    clean_map = clean_map.where({
      test: clean_map.eq(focus_class)
              .and(nb14.gt(75)),
      value: ee.Image(14)
    });
    
    // IRF surrounded by TRF --> TRF
    clean_map = clean_map.where({
      test: clean_map.eq(focus_class)
              .and(nb16.gt(75)),
      value: ee.Image(16)
    });
    
    // IRF surrounded by RR --> RR
    clean_map = clean_map.where({
      test: clean_map.eq(focus_class)
              .and(nb15.gt(85)),
      value: ee.Image(15)
    });
    
    /*// IRF touching land --> TRF
    clean_map = clean_map.where({
      test: clean_map.eq(focus_class)
              .and(nb1.gt(10)),
      value: ee.Image(16)
    })*/
    
    // ####
    // TRF
    // ####
    
    focus_class = ee.Number(16); // TRF
    
    //classn = ee.Number(16)
    //map_fc_neighbours = reduce_neighbours()
    //nb15 = ee.Image().byte().paint(map_fc_neighbours, '15').unmask(0).rename('nb15') //RR
    //nb14 = ee.Image().byte().paint(map_fc_neighbours, '14').unmask(0).rename('nb14') //ORF
    //nb13 = ee.Image().byte().paint(map_fc_neighbours, '13').unmask(0).rename('nb13') //IRF
    
    // TRF surrounded by ORF --> ORF
    clean_map = clean_map.where({
      test: clean_map.eq(focus_class)
              .and(nb14.gt(75)),
      value: ee.Image(14)
    });
    
    // TRF surrounded by IRF --> IRF
    clean_map = clean_map.where({
      test: clean_map.eq(focus_class)
              .and(nb13.gt(75)),
      value: ee.Image(13)
    });
    
    // TRF surrounded by IRF + ORF --> IRF
    clean_map = clean_map.where({
      test: clean_map.eq(focus_class)
              .and(nb13.add(nb14).gt(75)),
      value: ee.Image(13)
    });
    
    /*// TRF not touching land --> IRF
    clean_map = clean_map.where({
      test: clean_map.eq(focus_class)
              .and(nb1.lt(10)),
      value: ee.Image(13)
    })*/
    
    
    // ####
    // LAGOONS
    // ####
    
    var nb11 = ee.Image().byte().paint(map_fc_neighbours, '11').unmask(0).rename('nb11'); // shallow lag
    //var nb12 = ee.Image().byte().paint(map_fc_neighbours, '12').unmask(0).rename('nb12') //deep lag
    
    // DL touching SL --> SL
    /* 
    This is a stop-gap until we have better depth product - below are the rules we want,
    but too much band-aiding is required to make it work, so for the moment just err on the side
    of shallow lagoon when it's mixed.
    */
    /*clean_map = clean_map.where({
      test: clean_map.eq(12)
              .and(nb11.gt(0)),
      value: ee.Image(11)
    })*/
    
    /*// SL sourrounded by DL --> DL
    clean_map = clean_map.where({
      test: clean_map.eq(11)
              .and(nb12.gt(75)),
      value: ee.Image(12)
    })*/
    
    /*// DL sourrounded by SL --> SL
    clean_map = clean_map.where({
      test: clean_map.eq(12)
              .and(nb11.gt(75)),
      value: ee.Image(11)
    })*/
    
    /*// DL/SL surrounded by IRF --> IRF
    clean_map = clean_map.where({
      test: clean_map.eq(11).or(clean_map.eq(12))
              .and(objsize.lte(max_size))
              .and(nb13.gt(80)),
      value: ee.Image(13)
    })*/
    
    // SL surrounded by IRF --> IRF
    clean_map = clean_map.where({
      test: clean_map.eq(11)
              .and(objsize.lte(max_size))
              .and(nb13.gt(80)),
      value: ee.Image(13)
    });
    
    /*// DL/SL touching OCL --> OCL
    clean_map = clean_map.where({
      test: clean_map.eq(11).or(clean_map.eq(12))
              .and(nb24.gt(0)),
      value: ee.Image(24)
    })*/
    
    
    /*// ####
    // Turbid
    // ####
    
    focus_class = ee.Number(3) // turbid
    
    // Turb surrounded by IRF --> IRF
    clean_map = clean_map.where({
      test: clean_map.eq(focus_class)
              .and(nb13.gt(75)),
      value: ee.Image(13)
    })
    
    // Turb surrounded by ORF --> ORF
    clean_map = clean_map.where({
      test: clean_map.eq(focus_class)
              .and(nb14.gt(75)),
      value: ee.Image(14)
    })
    
    // Turb surrounded by TRF --> TRF
    clean_map = clean_map.where({
      test: clean_map.eq(focus_class)
              .and(nb16.gt(75)),
      value: ee.Image(16)
    })*/
  
  } else if (vars.geomorphic && vars.fast_clean) {
    print("Executing the fast version OBIA");
    
    /* fast version of the geo clean up
      - blanket version assigns the underlying most common in neighbourhood
      - mode OBIA version iterates through objects+buffers but take the mode instead of doing the class percs, to see if that speeds things up
    */
    
    
    //############
    //# blanket version
    //############
    // make a very smooth map to capture the broader neighbourhood
    var smooth_map = clean_map
                        .focal_mode({
                          radius: vars.smooth_radius.multiply(3), // relates to smoothness required
                          kernelType: 'circle', units: 'pixels', iterations: 2
                        });
    
    
    // first make a make size threshold, so we're not vectorising huge objects when we don't have t
    // - the unmask(99) captures small no data values/ data gaps
    var segment_id = clean_map.unmask(0).connectedComponents(ee.Kernel.plus(1),vars.small_object_geo.sqrt().multiply(2)).select('labels').pow(2).log().int();
    Map.addLayer(clean_map.unmask(0).updateMask(segment_id.gt(0)).reproject(ee.Projection('EPSG:4326').atScale(ee.Number(vars.image_data_scale))), display_pal, 'Map objects to be iterated through (OBIA)', false);
    
    
    // replace small objects with smooth underneath
    var clean_map = clean_map.unmask(0).where({
      test: segment_id.gt(0), 
      value: smooth_map
    }).selfMask();
    //############
    //############
    
    
    /*    
    //############
    //# mode OBIA version
    //############
    
    // #########
    // THE FASTER PLAN - vectorise one/few class/es at a time, thus only spending resources on what is actually needed to clean up
    //                 - BUT, just assign the mode of the neighbours, so save resouces even further??
    // #########
    
    // FUNCTION that maps over feature colleciton and assigns neighbour percentages
    var set_neighbour_mode = function(f) {
      // make the 1px buffer
      var diff = f.buffer(vars.image_data_scale).difference(f, ee.ErrorMargin(0.5))
      // reduce the classes in the buffer zone
      var diff_mode = ee.Number(ee.Dictionary(
        clean_map.unmask(ee.Image(0)).reduceRegion({
          reducer: ee.Reducer.mode(),
          geometry: diff.geometry(),
          scale: vars.image_data_scale,
          maxPixels: 1e11
        })).get('classification'))
      
      return(f.set('mode',diff_mode))
    }
    
    // FUNCTION to reduce the map to vectors and map the neighbour properties function
    var reduce_neighbours_mode = function() {
      // reduce map to vectors
      var map_fc = clean_map.unmask(0)
            .updateMask(classn.gt(0)) // only vectorise class/es of interest
            .reduceToVectors({
              scale: vars.image_data_scale, 
              eightConnected: false,
              bestEffort: true, 
              maxPixels: 1e13,
              tileScale: 1,
              geometry: reef_boundary
            })
      // map the function, calculate neighbour properties
      return(map_fc.map(set_neighbour_mode))
    }
    
    // first make a make size threshold, so we're not vecortising huge objects when we don't have to
    var segment_id = clean_map.unmask(0).connectedComponents(ee.Kernel.plus(1),vars.small_object_geo.sqrt()).select('labels')
    Map.addLayer(clean_map.unmask(0).updateMask(segment_id.gt(0)).reproject(ee.Projection('EPSG:4326').atScale(ee.Number(vars.image_data_scale))), display_pal, 'Map objects to be iterated through (OBIA)', false)
    
    // This is where we select the single or group of classes to vectorise for cleaning up
    var classn = segment_id.where({
      test: clean_map.neq(16) //TRF
              .and(clean_map.neq(15)) //RR
              .and(clean_map.neq(14)) //ORF
              .and(clean_map.neq(13)) //IRF
              //.and(clean_map.neq(12)) // deep L
              .and(clean_map.neq(11)) // shallow L 
              .and(clean_map.unmask(0).neq(0)), // no data values (want to reclaim the small gaps 
      value: ee.Image(0) // 99 ensures it's ignored in logic
    })
    
    // calculate neighbours
    var map_fc_neighbours = reduce_neighbours_mode()
    
    //print(map_fc_neighbours.limit(10))
    
    var mode_map = ee.Image().byte().paint(map_fc_neighbours, 'mode').unmask(0).rename('mode') // paint out the mode values to an image
    //Map.addLayer(mode_map, display_pal, "mode map", false)
    
    // replace small objects with mode underneath
    var clean_map = clean_map.unmask(0).where({
      test: segment_id.gt(0), 
      value: mode_map
    }).selfMask()
    
    //############
    //############
    */
    
  } else {
    
    if (vars.cleanup_stage == 1) {
      // BENTHIC CLEAN-UP RULES
      
      // reclaim shallow no data to surrounding class
      var smooth_map = clean_map
                          .focal_mode({
                            radius: vars.smooth_radius.multiply(3), // relates to smoothness required
                            kernelType: 'circle', units: 'pixels', iterations: 2
                          });
      
      var clean_map = clean_map.unmask(0).where({
        test: geo_map.gt(2).and(clean_map.eq(0)), 
        value: smooth_map
      }).selfMask();
      
      // cut benthic off to < 10 - 15 m
      clean_map = clean_map.where({
        test: depth.gt(vars.benthic_depth_cutoff),
        value: ee.Image(0)
      });
      
      // Deep (or land or missing) in geo == masked from benthic
      clean_map = clean_map.where({
        test: geo_map.unmask(0).lte(2),
        value: ee.Image(0)
      });
      
      /*// Deep lagoon in geo == masked from benthic
      clean_map = clean_map.where({
        test: geo_map.eq(12),
        value: ee.Image(0)
      })*/
      
      
      /*// turbid in geo == turbid (temporal - class num 2)
      // ############## ---> need to decide here whether to push geo turbid through regardless of benthic class
      clean_map = clean_map.where({
        test: geo_map.eq(3),
        value: ee.Image(2)
      })*/
      
      /*
      // Ignore in benthic + ORF in geo == rock
      clean_map = clean_map.where({
        test: clean_map.eq(0)
                       .and(geo_map.eq(14)),
        value: ee.Image(13)
      })
      
      // Ignore in benthic + IRF in geo == sand
      clean_map = clean_map.where({
        test: clean_map.eq(0)
                       .and(geo_map.eq(13)),
        value: ee.Image(11)
      })
      
      // Ignore in benthic + TRF in geo == sand
      clean_map = clean_map.where({
        test: clean_map.eq(0)
                       .and(geo_map.eq(16)),
        value: ee.Image(11)
      })
      
      // Ignore in benthic + RR in geo == rock
      */
      
      /*// seagrass in benthic + ORF/RR/slope in geo == coral/algae
      clean_map = clean_map.where({
        test: clean_map.eq(14)
                       .and(geo_map.eq(14).or(geo_map.eq(15)).or(geo_map.eq(21)).or(geo_map.eq(22))),
        value: ee.Image(15)
      })*/
      
      // ####--> CR: "Seagrass neighbouring deep water or no data not shallow a rock or coral algae class"
      
      /*// rock in benthic + TRF in geo == sand
      clean_map = clean_map.where({
        test: clean_map.eq(13)
                       .and(geo_map.eq(16)),
        value: ee.Image(11)
      })*/
    }
  }
}

// final smooth
if (!vars.manual_clean) {
  if (vars.smooth_output) {
    // smooth the output lightly to make nice edges, and get rid of noise
    var noise_smooth = clean_map.unmask(99) // unmasking to a value allows us to include masked areas in the smooth, then re-mask after
                          .focal_mode({
                            radius: 2, // relates to smoothness required
                            kernelType: 'circle', units: 'pixels', iterations: 2
                          });
    clean_map = clean_map.updateMask(noise_smooth.neq(99)).updateMask(clean_map.gt(1)); // this ignores 0/land; make it .gt(2) if you want to mask deep too;
  } else {
    // just clip to the classified extent and move on
    if (vars.geomorphic) {
      clean_map = clean_map.updateMask(clean_map.gt(1)); // this ignores 0/land; make it .gt(2) if you want to mask deep too
    } else {
      clean_map = clean_map.updateMask(clean_map.gt(1)); // this ignores 0/land; make it .gt(2) if you want to mask deep too
    }
  }
}

// 4. Export data

var output_name = (vars.geomorphic) ? vars.geomorph_output_name : vars.benthic_output_name;

if (vars.do_export) {
  print("For export, the image data scale must be set to:", vars.image_data_scale);
  
  if (vars.export_small_area) {
    var export_convhull = export_small;
  } else {
    //var export_convhull = clean_map.gt(2).reduceToVectors({scale: 1000, maxPixels: 1e13, bestEffort: true, geometry: region_extent, crs: "EPSG:4326"}).geometry().convexHull({maxError: 100})
    var export_convhull = reef_boundary;
  }
  Map.addLayer(export_convhull, {}, "Export footprint", false);
  
  Export.image.toAsset({
    image: clean_map.set(vars),
    description: output_name,
    assetId: vars.asset_output + 'in_out/' + output_name,
    region: export_convhull,
    scale: vars.image_data_scale,
    crs: 'EPSG:4326',
    maxPixels: 1e13,
    pyramidingPolicy: {'.default': 'mode'}
  });
  /*Export.image.toCloudStorage({
    image: clean_map,//.set(vars),
    description: 'swp_geo_clean',
    bucket: 'mitchest_unet_bucket',
    fileNamePrefix: 'swp_geo_clean',
    region: export_convhull,
    scale: 25,
    crs: 'EPSG:4326',
    maxPixels: 1e13
  })*/
  
} else {
  if (!vars.manual_clean) {
    if (vars.show_eg_area) {
      if (vars.reproject_display) {
        Map.addLayer(clean_map.clip(eg_area).reproject(ee.Projection('EPSG:4326').atScale(vars.image_data_scale)), display_pal, output_name, false);
      } else {
        Map.addLayer(clean_map.clip(eg_area), display_pal, output_name, false);
      }
    } else {
      if (vars.reproject_display) {
        Map.addLayer(clean_map.reproject(ee.Projection('EPSG:4326').atScale(vars.image_data_scale)), display_pal, output_name, true);
      } else {
        Map.addLayer(clean_map, display_pal, output_name, false);
      }
    }
  }
}

//Generate title
var title = ui.Label({
  value: 'Classes',
  style: {fontWeight: 'bold', fontSize: '12px'}
});

// generate the legend
var geo_legend = pkg_vis.discrete_legend(map_palettes.geo_atlas_names, map_palettes.geo_atlas_cols, 'Geomorphic Zone', false);
var benthic_legend = pkg_vis.discrete_legend(map_palettes.benthic_atlas_names, map_palettes.benthic_atlas_cols, 'Benthic Habitat', false);
//var mask_legend = pkg_vis.discrete_legend(["Low confidence depth","Water conditions"], ["#f7f7f7","#bababa"], 'Confidence Mask reason', false)
var legend = (vars.geomorphic) ? geo_legend : benthic_legend;
pkg_vis.add_lgds([title, legend]);//, mask_legend])
// generate the legend
