/**** Start of imports. If edited, may not auto-convert in the playground. ****/
var reef_boundary = ee.FeatureCollection("projects/coral_atlas/Indonesia/in_out/indo_extent"),
    geo = ee.Image("projects/coral_atlas/Indonesia/in_out/indo_geo_clean3x"),
    pixels = ee.Image("projects/coral_atlas/Indonesia/in_out/indo_pixels"),
    benthic = ee.Image("projects/coral_atlas/Indonesia/in_out/indo_benthic_clean2"),
    to_seagrass = 
    /* color: #d63000 */
    /* shown: false */
    ee.Geometry.MultiPolygon(
        [[[[123.7293786442893, -5.485634284802848],
           [123.73761839038305, -5.494177983690836],
           [123.7678307927268, -5.515878427517641],
           [123.80817121631078, -5.559789492786023],
           [123.80709833270483, -5.5744827377384585],
           [123.80576795703344, -5.5796509138461685],
           [123.81495184070043, -5.595326012249766],
           [123.81765550738744, -5.595283301380248],
           [123.8207454121726, -5.587381736880727],
           [123.82473653918676, -5.583751252575462],
           [123.83070177203588, -5.581273968022164],
           [123.84589380389623, -5.556628688632921],
           [123.85859674579076, -5.540909843249642],
           [123.86700815326147, -5.533733709458193],
           [123.87009805804662, -5.529462159899139],
           [123.8690680897849, -5.526899215364176],
           [123.8661498463767, -5.526215761614411],
           [123.84606546527318, -5.526044898053729],
           [123.84040063983373, -5.524848851748673],
           [123.83130258685522, -5.519722911665334],
           [123.8276976979392, -5.515963860769407],
           [123.82392114764623, -5.510837843895953],
           [123.81482309466772, -5.507591343654969],
           [123.80812830096654, -5.501440031406128],
           [123.7973136342185, -5.495630400320387],
           [123.78290920118286, -5.489110896623841],
           [123.78007678846313, -5.489110896623841],
           [123.7765577302356, -5.487914775983205],
           [123.77363948682739, -5.488598273785943],
           [123.77054958204224, -5.48765846410522],
           [123.76677303174927, -5.487743901410121],
           [123.76436977247192, -5.485607965116059],
           [123.76205234388306, -5.485778840301033],
           [123.76419811109497, -5.487145840018764],
           [123.75329761365845, -5.4856934027146655],
           [123.74789028028442, -5.484240961874581],
           [123.74222545484497, -5.4827030794849145],
           [123.72986583570435, -5.479029233295956]]],
         [[[130.58804237130414, -0.14016911589022513],
           [130.66426002267133, -0.2431653519002148],
           [130.7342978644682, -0.31388899905628065],
           [130.92312537911664, -0.3523404968941337],
           [130.94715797189008, -0.3386078364124664],
           [130.92449867013227, -0.269944257999971],
           [130.78648292306195, -0.14154240275593646],
           [130.69241248849164, -0.06738481634524285],
           [130.59284888985883, -0.07425126617427097]]],
         [[[131.05459144871676, 0.37127182144528253],
           [131.04137352269137, 0.3913557576645637],
           [131.03879860203708, 0.3923857018365052],
           [131.03279045384372, 0.3913557576645637],
           [131.02970054905856, 0.38775095206906784],
           [131.03201797764743, 0.38105630904464305],
           [131.0369103268906, 0.37358920107639254],
           [131.03897026341403, 0.3689544412068011],
           [131.03708198826754, 0.3642338499691664],
           [131.03699615757907, 0.36062903317561185],
           [131.04715636532748, 0.3560800956624836],
           [131.05857184689486, 0.356337582751722],
           [131.06586745541537, 0.3614873230183852],
           [131.06037429135287, 0.3642338499691664]]],
         [[[131.1328690366074, 0.38848049618297614],
           [131.13964966099704, 0.39139867200759987],
           [131.1427395657822, 0.4126841585941503],
           [131.13844803135837, 0.4104526182674199],
           [131.1317532376572, 0.3941451895034062]]]]),
    qc_mask = 
    /* color: #0015d6 */
    /* shown: false */
    ee.Geometry({
      "type": "GeometryCollection",
      "geometries": [
        {
          "type": "Polygon",
          "coordinates": [
            [
              [
                113.25680691327132,
                -7.266490604354937
              ],
              [
                113.29251247967757,
                -7.2228961244649605
              ],
              [
                113.42778164471663,
                -7.2283456648760165
              ],
              [
                113.46760708416976,
                -7.244693891483182
              ],
              [
                113.47996670331038,
                -7.282837445358252
              ],
              [
                113.51223904217757,
                -7.327788180994396
              ],
              [
                113.60562283124007,
                -7.313486164772105
              ],
              [
                113.6234756144432,
                -7.274664099276282
              ],
              [
                113.64819485272444,
                -7.243331561895541
              ],
              [
                113.61660915936507,
                -7.245375054732895
              ],
              [
                113.59806973065413,
                -7.243331561895541
              ],
              [
                113.5966964396385,
                -7.220852529872478
              ],
              [
                113.6069961222557,
                -7.211315633040065
              ],
              [
                113.63789517010726,
                -7.218127722717194
              ],
              [
                113.68115383709944,
                -7.23175159425308
              ],
              [
                113.72509914959944,
                -7.243331561895541
              ],
              [
                113.745011869326,
                -7.250824323659372
              ],
              [
                113.777970853701,
                -7.271939617498802
              ],
              [
                113.79170376385726,
                -7.244012727204026
              ],
              [
                113.72715908612288,
                -7.219490128346707
              ],
              [
                113.74157864178694,
                -7.200416076438132
              ],
              [
                113.76286465252913,
                -7.1901975042034625
              ],
              [
                113.788957181826,
                -7.1901975042034625
              ],
              [
                113.81710964764632,
                -7.194284960705463
              ],
              [
                113.85762173260726,
                -7.19700991125949
              ],
              [
                113.8926406535057,
                -7.177253649352859
              ],
              [
                113.9255996378807,
                -7.166353275414477
              ],
              [
                113.95649868573226,
                -7.200416076438132
              ],
              [
                113.95993191327132,
                -7.218127722717194
              ],
              [
                113.97091824139632,
                -7.225620902884786
              ],
              [
                113.98808437909163,
                -7.220852529872478
              ],
              [
                114.00662380780257,
                -7.173166039706897
              ],
              [
                113.94482571209944,
                -7.131606595195699
              ],
              [
                113.59257656659163,
                -7.185428758457917
              ],
              [
                113.31448513592757,
                -7.1901975042034625
              ],
              [
                113.23620754803694,
                -7.250143168648593
              ],
              [
                113.24238735760726,
                -7.282156338873591
              ]
            ]
          ],
          "evenOdd": true
        },
        {
          "type": "Polygon",
          "coordinates": [
            [
              [
                114.41148444542118,
                -8.444757241707158
              ],
              [
                114.46366950401493,
                -8.440002806545799
              ],
              [
                114.41354438194462,
                -8.234148007955929
              ],
              [
                114.38195868858524,
                -8.227352280523291
              ],
              [
                114.3414466036243,
                -8.412154226049328
              ],
              [
                114.39912482628056,
                -8.42709761610724
              ]
            ]
          ],
          "evenOdd": true
        },
        {
          "type": "Polygon",
          "coordinates": [
            [
              [
                137.32560722635571,
                -5.552723541239152
              ],
              [
                137.46018974588696,
                -5.582793405779794
              ],
              [
                137.4890288572151,
                -5.340824661367822
              ]
            ]
          ],
          "evenOdd": true
        },
        {
          "type": "Polygon",
          "coordinates": [
            [
              [
                112.98829380382402,
                -7.397207072148616
              ],
              [
                113.04459873546465,
                -7.590548705404093
              ],
              [
                113.23617283214433,
                -7.7256321461594215
              ],
              [
                113.25986622306861,
                -7.716274751355412
              ],
              [
                113.26887808857848,
                -7.692330901268889
              ],
              [
                113.23119917294801,
                -7.683356705316835
              ],
              [
                113.3055240284334,
                -7.6245787900655655
              ],
              [
                113.29316440929277,
                -7.429890541308772
              ],
              [
                113.10502354015215,
                -7.301866498942509
              ]
            ]
          ],
          "evenOdd": true
        },
        {
          "type": "Polygon",
          "coordinates": [
            [
              [
                106.67842899705646,
                -5.6573260942786545
              ],
              [
                106.93386112596271,
                -5.747514762116399
              ],
              [
                106.97643314744708,
                -5.381207654303834
              ],
              [
                106.64958988572833,
                -5.448198641907959
              ]
            ]
          ],
          "evenOdd": true
        },
        {
          "type": "Polygon",
          "coordinates": [
            [
              [
                114.51042103484096,
                -5.051880768852882
              ],
              [
                114.7651665182394,
                -4.898651736998242
              ],
              [
                114.48226856902065,
                -4.8322871299946915
              ],
              [
                114.41772389128627,
                -4.986899601775676
              ]
            ]
          ],
          "evenOdd": true
        },
        {
          "type": "Polygon",
          "coordinates": [
            [
              [
                114.78797553280533,
                -5.780699967117051
              ],
              [
                114.92393134335221,
                -5.691199792252607
              ],
              [
                114.91363166073502,
                -5.600318947933833
              ],
              [
                114.8408472369069,
                -5.597585469339392
              ],
              [
                114.75638983944596,
                -5.732193981387342
              ]
            ]
          ],
          "evenOdd": true
        },
        {
          "type": "Polygon",
          "coordinates": [
            [
              [
                115.63819182851609,
                -4.969338349164664
              ],
              [
                115.62308562734421,
                -4.953604677058109
              ],
              [
                115.61965239980515,
                -4.914610921619798
              ],
              [
                115.65055144765671,
                -4.8872455190200474
              ],
              [
                115.67939055898484,
                -4.834563977937254
              ],
              [
                115.65673125722702,
                -4.762034643490445
              ],
              [
                115.53794158437546,
                -4.727135721636375
              ],
              [
                115.45073760488327,
                -4.792826339753478
              ],
              [
                115.43769134023484,
                -4.91803151805325
              ],
              [
                115.48163665273484,
                -5.01995717442265
              ],
              [
                115.57158721425827,
                -5.058944674677936
              ],
              [
                115.61553252675827,
                -5.058944674677936
              ]
            ]
          ],
          "evenOdd": true
        },
        {
          "type": "Polygon",
          "coordinates": [
            [
              [
                115.57982696035202,
                -4.597104759873512
              ],
              [
                115.65673125722702,
                -4.717555317388901
              ],
              [
                115.7432485912114,
                -4.6532263354522865
              ],
              [
                115.74187530019577,
                -4.458835303414422
              ],
              [
                115.68557036855515,
                -4.458835303414422
              ]
            ]
          ],
          "evenOdd": true
        },
        {
          "type": "Polygon",
          "coordinates": [
            [
              [
                133.2961406064649,
                -4.168978856932051
              ],
              [
                133.29820054298833,
                -4.136106397024615
              ],
              [
                133.30369370705083,
                -4.115217978779996
              ],
              [
                133.30884354835942,
                -4.106656993178816
              ],
              [
                133.31021683937504,
                -4.096383689243092
              ],
              [
                133.31502335792973,
                -4.086452703367815
              ],
              [
                133.34283250099614,
                -4.061111010414655
              ],
              [
                133.34420579201176,
                -4.051522053934819
              ],
              [
                133.3620585752149,
                -4.043987794087196
              ],
              [
                133.35072892433598,
                -4.0302889604574625
              ],
              [
                133.31193345314458,
                -4.032686273023535
              ],
              [
                133.25116532570317,
                -4.159048779085937
              ],
              [
                133.28343766457036,
                -4.180620857392154
              ]
            ]
          ],
          "evenOdd": true
        },
        {
          "type": "Polygon",
          "coordinates": [
            [
              [
                133.39192765480473,
                -4.114875541121699
              ],
              [
                133.4114970517774,
                -4.123436438375963
              ],
              [
                133.41527360207036,
                -4.124463739853415
              ],
              [
                133.42763322121098,
                -4.122066701007139
              ],
              [
                133.43587296730473,
                -4.11419066536339
              ],
              [
                133.41424363380864,
                -4.095698797619782
              ],
              [
                133.39810746437504,
                -4.1004930266666
              ]
            ]
          ],
          "evenOdd": true
        },
        {
          "type": "Polygon",
          "coordinates": [
            [
              [
                133.4696153872576,
                -4.037379401179171
              ],
              [
                133.45279257231618,
                -4.032927269356189
              ],
              [
                133.45502417021657,
                -4.021454355772855
              ],
              [
                133.45845739775564,
                -4.015460978454447
              ],
              [
                133.46377890044118,
                -4.012378652978314
              ],
              [
                133.46755545073415,
                -4.006898934529537
              ],
              [
                133.46755545073415,
                -4.0043303038664435
              ],
              [
                133.47596685820486,
                -4.004672788420722
              ],
              [
                133.4780267947283,
                -3.998679288039605
              ],
              [
                133.48746817046072,
                -3.986520909848771
              ],
              [
                133.50171606474782,
                -3.962203614589081
              ],
              [
                133.49759619170095,
                -3.952442245458056
              ],
              [
                133.41382543974782,
                -3.9813835128811133
              ],
              [
                133.41142218047048,
                -4.001419179370173
              ],
              [
                133.4366564028826,
                -4.03703693036704
              ],
              [
                133.46652548247243,
                -4.047995924630426
              ]
            ]
          ],
          "evenOdd": true
        },
        {
          "type": "Polygon",
          "coordinates": [
            [
              [
                130.77423403436256,
                -1.9692538466719665
              ],
              [
                130.765307642761,
                -1.9551858677897012
              ],
              [
                130.776293970886,
                -1.9514115118947548
              ],
              [
                130.81337282830788,
                -1.966852005002987
              ],
              [
                130.83259890252663,
                -1.9692538466719665
              ],
              [
                130.8260757702024,
                -1.9174419295877432
              ],
              [
                130.78934023553444,
                -1.8965108403729902
              ],
              [
                130.73303530389381,
                -1.9150400142668242
              ],
              [
                130.69732973748756,
                -1.9562152361068363
              ],
              [
                130.74196169549538,
                -1.9936151872409817
              ],
              [
                130.77320406610085,
                -1.9836648238382029
              ]
            ]
          ],
          "evenOdd": true
        },
        {
          "type": "Polygon",
          "coordinates": [
            [
              [
                130.6093532817991,
                -2.0249241265540223
              ],
              [
                130.64711878472878,
                -2.0341880259251934
              ],
              [
                130.6562168377073,
                -2.034102249322816
              ],
              [
                130.66625902825905,
                -2.0286983141857817
              ],
              [
                130.66582987481667,
                -2.0249241265540223
              ],
              [
                130.6623966472776,
                -2.0208068209312593
              ],
              [
                130.664628245178,
                -2.0173757249366187
              ],
              [
                130.6609375255735,
                -2.0118001785146187
              ],
              [
                130.61888048822,
                -2.014802398190378
              ]
            ]
          ],
          "evenOdd": true
        },
        {
          "type": "Polygon",
          "coordinates": [
            [
              [
                112.69776597075935,
                -8.479658185890397
              ],
              [
                112.77810349517341,
                -8.463188705445125
              ],
              [
                112.87457718902107,
                -8.437549246913216
              ],
              [
                112.87509217315193,
                -8.418021364960415
              ],
              [
                112.86290421538826,
                -8.407662697190197
              ],
              [
                112.85311951690193,
                -8.407832513648579
              ],
              [
                112.8459097390699,
                -8.410209936254104
              ],
              [
                112.84178986602302,
                -8.402568168853117
              ],
              [
                112.83990159087654,
                -8.396794289182985
              ],
              [
                112.82256379180427,
                -8.405624893887436
              ],
              [
                112.80934586577888,
                -8.410379751596453
              ],
              [
                112.80556931548591,
                -8.417681740901473
              ],
              [
                112.77638688140388,
                -8.41649305434919
              ],
              [
                112.75012269073005,
                -8.434832383277648
              ],
              [
                112.728321695857,
                -8.455547985540981
              ],
              [
                112.70480408721443,
                -8.467263694078095
              ],
              [
                112.68506302886482,
                -8.461490780785931
              ],
              [
                112.67493500762458,
                -8.453340638251078
              ],
              [
                112.65622391753669,
                -8.462849121112178
              ]
            ]
          ],
          "evenOdd": true
        },
        {
          "type": "Polygon",
          "coordinates": [
            [
              [
                112.32266011976432,
                -8.385949713598496
              ],
              [
                112.65430990003776,
                -8.462363876031766
              ],
              [
                112.67387929701042,
                -8.453534567178648
              ],
              [
                112.66495290540885,
                -8.449459433337363
              ],
              [
                112.65911641859245,
                -8.449119836906807
              ],
              [
                112.64607015394401,
                -8.449119836906807
              ],
              [
                112.63920369886588,
                -8.441309036506198
              ],
              [
                112.63645711683463,
                -8.435535734636723
              ],
              [
                112.6289040162487,
                -8.433837688253755
              ],
              [
                112.6127678468151,
                -8.440969432903083
              ],
              [
                112.60590139173698,
                -8.425007726813815
              ],
              [
                112.59834829115104,
                -8.421271913209129
              ],
              [
                112.58976522230338,
                -8.421271913209129
              ],
              [
                112.5772339417858,
                -8.41753606354242
              ],
              [
                112.56744924329948,
                -8.411762406798026
              ],
              [
                112.55766454481315,
                -8.40751701606371
              ],
              [
                112.52264562391471,
                -8.408535914081043
              ],
              [
                112.51457753919792,
                -8.402082848083062
              ],
              [
                112.4999863221569,
                -8.408026465407149
              ],
              [
                112.47681203626823,
                -8.398856274822078
              ],
              [
                112.46719899915885,
                -8.399195915376254
              ],
              [
                112.44059148573112,
                -8.404630123805697
              ],
              [
                112.4399048402233,
                -8.400045015461084
              ],
              [
                112.4366432740612,
                -8.39579949645912
              ],
              [
                112.43252340101432,
                -8.39342198553553
              ],
              [
                112.42788854383659,
                -8.394780564988881
              ],
              [
                112.42497030042838,
                -8.392063401328993
              ],
              [
                112.4150139405651,
                -8.388327270258308
              ],
              [
                112.39510122083854,
                -8.385949713598496
              ],
              [
                112.39063802503776,
                -8.381024728541
              ],
              [
                112.38651815199088,
                -8.382723006297718
              ],
              [
                112.36952367567253,
                -8.38000575832709
              ],
              [
                112.36883703016471,
                -8.376948831669383
              ],
              [
                112.3652321412487,
                -8.362682856508995
              ],
              [
                112.33536306165885,
                -8.3587766055442
              ],
              [
                112.32849660658073,
                -8.359795631308266
              ],
              [
                112.3073822572155,
                -8.348586201492473
              ],
              [
                112.30291906141471,
                -8.348246516774871
              ],
              [
                112.30000081800651,
                -8.348076674305265
              ],
              [
                112.29691091322135,
                -8.346038558907676
              ],
              [
                112.2857529237194,
                -8.34654808875431
              ],
              [
                112.2744232728405,
                -8.35334175650233
              ],
              [
                112.22343984388542,
                -8.362173347733345
              ]
            ]
          ],
          "evenOdd": true
        },
        {
          "type": "Polygon",
          "coordinates": [
            [
              [
                112.10081026909116,
                -8.340836059803538
              ],
              [
                112.21788332817319,
                -8.36359471422863
              ],
              [
                112.25049898979428,
                -8.35714090229777
              ],
              [
                112.24912569877866,
                -8.353744116276014
              ],
              [
                112.23127291557553,
                -8.351026666166797
              ],
              [
                112.21616671440366,
                -8.34559170919559
              ],
              [
                112.21033022758725,
                -8.338797906631848
              ],
              [
                112.20621035454037,
                -8.333362779559387
              ],
              [
                112.18732760307553,
                -8.331324587433931
              ],
              [
                112.1742813384271,
                -8.327927576964132
              ],
              [
                112.16466830131772,
                -8.331324587433931
              ],
              [
                112.15196535942319,
                -8.331324587433931
              ],
              [
                112.14544222709897,
                -8.324530537011954
              ],
              [
                112.1365158354974,
                -8.32758787429544
              ],
              [
                112.12793276664975,
                -8.327927576964132
              ],
              [
                112.11522982475522,
                -8.31977463157072
              ],
              [
                112.08364413139584,
                -8.32113346758906
              ]
            ]
          ],
          "evenOdd": true
        },
        {
          "type": "Polygon",
          "coordinates": [
            [
              [
                130.60162279188683,
                -0.08841336895901594
              ],
              [
                130.6222221571212,
                -0.16051097241596568
              ],
              [
                130.73071214735558,
                -0.3012721231687849
              ],
              [
                130.82958910048058,
                -0.3170647398797253
              ],
              [
                130.8474418836837,
                -0.2875393943375318
              ],
              [
                130.8632347303634,
                -0.253894140501245
              ],
              [
                130.84950182020714,
                -0.22299536059864078
              ],
              [
                130.7259056288009,
                -0.0856667900972695
              ],
              [
                130.6881401258712,
                -0.05957428198434342
              ],
              [
                130.6105491834884,
                -0.07399382781495971
              ]
            ]
          ],
          "geodesic": true,
          "evenOdd": true
        },
        {
          "type": "Polygon",
          "coordinates": [
            [
              [
                128.3387343582085,
                -1.0836522468658347
              ],
              [
                128.3648268875054,
                -1.0675189206526245
              ],
              [
                128.40636894072804,
                -1.0802196314204295
              ],
              [
                128.42834159697804,
                -1.0936068096156188
              ],
              [
                128.45752403106007,
                -1.1138590936691029
              ],
              [
                128.4585539993218,
                -1.143722376506547
              ],
              [
                128.4643904861382,
                -1.1674068285419
              ],
              [
                128.50593253936086,
                -1.1474981719163564
              ],
              [
                128.4808699783257,
                -0.9199123801883436
              ],
              [
                128.46095725859914,
                -0.9250615540283825
              ],
              [
                128.4317748245171,
                -0.9113304072967298
              ],
              [
                128.4094588455132,
                -0.9054946540390374
              ],
              [
                128.388172834771,
                -0.9103005691718602
              ],
              [
                128.388172834771,
                -0.9683143152407823
              ],
              [
                128.4142653640679,
                -0.99097030480956
              ],
              [
                128.4207884963921,
                -1.0033280522137342
              ],
              [
                128.42456504668507,
                -1.0273568713566206
              ],
              [
                128.4087722000054,
                -1.0421173423571943
              ],
              [
                128.37821647490773,
                -1.042460608305439
              ],
              [
                128.35624381865773,
                -1.0548181574235804
              ],
              [
                128.32843467559132,
                -1.0764437499522783
              ],
              [
                128.33015128936086,
                -1.0850252919554988
              ]
            ]
          ],
          "geodesic": true,
          "evenOdd": true
        },
        {
          "type": "Polygon",
          "coordinates": [
            [
              [
                128.12745133244076,
                -3.1068431051785974
              ],
              [
                128.11543503605404,
                -3.1181560430909134
              ],
              [
                128.09449234806576,
                -3.134611008171745
              ],
              [
                128.086252601972,
                -3.15826456672968
              ],
              [
                128.0811027606634,
                -3.1832887594330046
              ],
              [
                128.07354966007748,
                -3.207626774771295
              ],
              [
                128.07080307804623,
                -3.237448622917665
              ],
              [
                128.07045975529232,
                -3.254244450263431
              ],
              [
                128.06805649601498,
                -3.26726959310054
              ],
              [
                128.13431778751888,
                -3.2768669586455785
              ],
              [
                128.1580070575384,
                -3.099986720136032
              ],
              [
                128.13397446476498,
                -3.100329540444318
              ]
            ]
          ],
          "geodesic": true,
          "evenOdd": true
        },
        {
          "type": "Polygon",
          "coordinates": [
            [
              [
                127.68145842448382,
                -3.186322994372156
              ],
              [
                127.67081541911273,
                -3.1493007953346313
              ],
              [
                127.52867979899554,
                -3.2370549530440065
              ],
              [
                127.56083961248211,
                -3.2432277523464714
              ],
              [
                127.58555885076336,
                -3.2610517845091893
              ],
              [
                127.6205777716618,
                -3.295327879991779
              ],
              [
                127.63087745427899,
                -3.3083524873860575
              ],
              [
                127.64735694646649,
                -3.343655165896544
              ],
              [
                127.66177650213055,
                -3.3539372610697145
              ],
              [
                127.66761298894696,
                -3.370388388289496
              ],
              [
                127.90381904363446,
                -3.32686084542367
              ],
              [
                127.90381904363446,
                -3.290529297416268
              ],
              [
                127.88836951970868,
                -3.2723630257806655
              ],
              [
                127.87532325506024,
                -3.2517970379022576
              ],
              [
                127.84305091619305,
                -3.253510886281536
              ],
              [
                127.75310035466961,
                -3.2836741393775655
              ],
              [
                127.66761298894696,
                -3.2531681168387667
              ],
              [
                127.65079017400555,
                -3.236715046741905
              ],
              [
                127.63843048557395,
                -3.2302023077756865
              ],
              [
                127.63293739080243,
                -3.220947270490904
              ],
              [
                127.64632697820477,
                -3.211006590318556
              ],
              [
                127.6758527350407,
                -3.1900965682915774
              ]
            ]
          ],
          "geodesic": true,
          "evenOdd": true
        },
        {
          "type": "Polygon",
          "coordinates": [
            [
              [
                123.54497652302257,
                -2.0376547633615183
              ],
              [
                123.57072572956554,
                -2.0386840800198174
              ],
              [
                123.60368471394054,
                -2.054466852821973
              ],
              [
                123.62634401569835,
                -2.0753959412415797
              ],
              [
                123.67234926472179,
                -2.1000987708773127
              ],
              [
                123.70736818562023,
                -2.1364661135723684
              ],
              [
                123.74273042927257,
                -2.145729356289871
              ],
              [
                123.76298647175304,
                -2.1258304697161288
              ],
              [
                123.74170046101085,
                -2.106960598883865
              ],
              [
                123.72899751911632,
                -2.0719649620513083
              ],
              [
                123.733804037671,
                -2.0428013400672547
              ],
              [
                123.74685030231944,
                -2.0108923002897345
              ],
              [
                123.75612001667491,
                -2.004373172070099
              ],
              [
                123.766763022046,
                -2.0009420415223196
              ],
              [
                123.78186922321788,
                -2.0146665205187695
              ],
              [
                123.79216890583507,
                -2.0263322367711654
              ],
              [
                123.79045229206554,
                -2.051035828481591
              ],
              [
                123.8155148531007,
                -2.050692725642661
              ],
              [
                123.84195070515148,
                -2.036968551890468
              ],
              [
                123.83508425007335,
                -2.0266753448028987
              ],
              [
                123.81276827106944,
                -2.0246166955223077
              ],
              [
                123.79148226032726,
                -2.0067749591756705
              ],
              [
                123.78118257771007,
                -1.9920210685328288
              ],
              [
                123.77088289509288,
                -1.9604541622702016
              ],
              [
                123.76229982624523,
                -1.8993773793166164
              ],
              [
                123.75337343464366,
                -1.8932009540529007
              ],
              [
                123.744790365796,
                -1.9360923379835633
              ],
              [
                123.74307375202648,
                -1.9535917122368578
              ],
              [
                123.73071413288585,
                -1.9662872226817318
              ],
              [
                123.65518312702648,
                -1.9717771432698115
              ],
              [
                123.64179353962413,
                -1.9649147397109488
              ],
              [
                123.60917787800304,
                -1.9374648444757188
              ],
              [
                123.57518892536632,
                -1.939866728160309
              ],
              [
                123.55596285114757,
                -1.9460429848223122
              ],
              [
                123.55905275593273,
                -1.9285435324312241
              ],
              [
                123.56488924274913,
                -1.9175633918806103
              ],
              [
                123.5745022798585,
                -1.9103576363322725
              ],
              [
                123.5573361421632,
                -1.9031518505571898
              ],
              [
                123.54875307331554,
                -1.9192790434958478
              ],
              [
                123.5408566499757,
                -1.9518760953440413
              ],
              [
                123.52643709431163,
                -1.9937366440202557
              ],
              [
                123.51991396198741,
                -2.0366254460453153
              ],
              [
                123.53673677692882,
                -2.046918589561599
              ]
            ]
          ],
          "geodesic": true,
          "evenOdd": true
        },
        {
          "type": "Polygon",
          "coordinates": [
            [
              [
                123.27794415791323,
                -1.9285435324312241
              ],
              [
                123.29785687763979,
                -1.9326610668924284
              ],
              [
                123.33356244404604,
                -1.9484448563078087
              ],
              [
                123.37647778828432,
                -1.963885376742616
              ],
              [
                123.41801984150698,
                -1.9402098541226735
              ],
              [
                123.436215947464,
                -1.917220261351122
              ],
              [
                123.4193931325226,
                -1.8777597947643867
              ],
              [
                123.40051038105776,
                -1.866093050536604
              ],
              [
                123.37853772480776,
                -1.8942303597938164
              ],
              [
                123.36720807392885,
                -1.895946034669226
              ],
              [
                123.3534751637726,
                -1.8811911753249595
              ],
              [
                123.36823804219057,
                -1.8479065009364355
              ],
              [
                123.32772595722963,
                -1.8376121449122012
              ],
              [
                123.28309399922182,
                -1.8503085087679347
              ],
              [
                123.26455457051088,
                -1.8777597947643867
              ],
              [
                123.25803143818666,
                -1.9072694461232615
              ],
              [
                123.26455457051088,
                -1.9233966003456635
              ]
            ]
          ],
          "geodesic": true,
          "evenOdd": true
        },
        {
          "type": "Polygon",
          "coordinates": [
            [
              [
                123.58144147236635,
                -1.4587413261041107
              ],
              [
                123.63637311299135,
                -1.637203933429909
              ],
              [
                123.6281333668976,
                -1.6680901280420226
              ],
              [
                123.81902081806948,
                -1.582980357273367
              ],
              [
                123.69130475361635,
                -1.4058861435633618
              ]
            ]
          ],
          "geodesic": true,
          "evenOdd": true
        },
        {
          "type": "Polygon",
          "coordinates": [
            [
              [
                117.15668055109228,
                -2.877271652091821
              ],
              [
                117.08801600031103,
                -3.8451356713735065
              ],
              [
                117.7018770842954,
                -3.932823905718455
              ],
              [
                117.71972986749853,
                -3.590241273506677
              ],
              [
                117.61261316827978,
                -3.141951015631154
              ],
              [
                117.51785608820165,
                -2.949961982969692
              ],
              [
                117.75577416094308,
                -2.726043887830769
              ],
              [
                117.77859820828111,
                -2.6106444097252672
              ],
              [
                117.62839646225041,
                -2.552859371857529
              ],
              [
                117.23633142999853,
                -2.7949751235829403
              ],
              [
                117.17178675226415,
                -2.8443537440805904
              ]
            ]
          ],
          "geodesic": true,
          "evenOdd": true
        },
        {
          "type": "Polygon",
          "coordinates": [
            [
              [
                119.80012230962181,
                -8.659629177884497
              ],
              [
                119.7881060132351,
                -8.664041468357345
              ],
              [
                119.7826128491726,
                -8.663023252073542
              ],
              [
                119.78467278569603,
                -8.670150708146075
              ],
              [
                119.788449335989,
                -8.674562875111485
              ],
              [
                119.78776269048119,
                -8.678635598609707
              ],
              [
                119.77952294438744,
                -8.683047665866484
              ],
              [
                119.77471642583275,
                -8.683047665866484
              ],
              [
                119.7723131665554,
                -8.676599242382917
              ],
              [
                119.76922326177025,
                -8.669132508410723
              ],
              [
                119.76544671147728,
                -8.668114305916506
              ],
              [
                119.7558336743679,
                -8.67524166542899
              ],
              [
                119.75205712407494,
                -8.679314381563835
              ],
              [
                119.75411706059838,
                -8.685423372899834
              ],
              [
                119.75171380132103,
                -8.692889782736039
              ],
              [
                119.73660760014916,
                -8.704089118527891
              ],
              [
                119.72596459477806,
                -8.704089118527891
              ],
              [
                119.71463494389916,
                -8.704089118527891
              ],
              [
                119.70742516606713,
                -8.708840250672655
              ],
              [
                119.69952874272728,
                -8.721057170429143
              ],
              [
                119.7009020337429,
                -8.725129388245545
              ],
              [
                119.70467858403588,
                -8.727165480498243
              ],
              [
                119.7112017163601,
                -8.732255662531298
              ],
              [
                119.71497826665306,
                -8.735649078634596
              ],
              [
                119.722531367239,
                -8.737345775106279
              ],
              [
                119.733517695364,
                -8.739721137193463
              ],
              [
                119.73832421391869,
                -8.747865120821114
              ],
              [
                119.7338610181179,
                -8.761098714246828
              ],
              [
                119.73180108159447,
                -8.772635308829125
              ],
              [
                119.72699456303978,
                -8.78009997316317
              ],
              [
                119.71909813969994,
                -8.793332417981176
              ],
              [
                119.7063951978054,
                -8.803171621825978
              ],
              [
                119.69781212895775,
                -8.80860003609629
              ],
              [
                119.68648247807884,
                -8.813689102094578
              ],
              [
                119.67789940923119,
                -8.813689102094578
              ],
              [
                119.67171959966088,
                -8.808939309342493
              ],
              [
                119.66485314458275,
                -8.813689102094578
              ],
              [
                119.656613398489,
                -8.820135151742646
              ],
              [
                119.64356713384056,
                -8.813689102094578
              ],
              [
                119.61884789555931,
                -8.798082411108801
              ],
              [
                119.60957818120384,
                -8.786546607851168
              ],
              [
                119.60854821294213,
                -8.771617388425339
              ],
              [
                119.6068315991726,
                -8.759062807438799
              ],
              [
                119.6013384351101,
                -8.749561761662516
              ],
              [
                119.6013384351101,
                -8.73768511347402
              ],
              [
                119.60820489018822,
                -8.727844175447707
              ],
              [
                119.61335473149681,
                -8.717663621666194
              ],
              [
                119.61472802251244,
                -8.708500886091862
              ],
              [
                119.60408501714134,
                -8.700695415779823
              ],
              [
                119.58348565190697,
                -8.703749749637714
              ],
              [
                119.57558922856713,
                -8.833705414665813
              ],
              [
                119.67515282719994,
                -8.86932497649038
              ],
              [
                119.76716332524681,
                -8.864575900919068
              ],
              [
                119.80870537846947,
                -8.847275178108452
              ],
              [
                119.79565911382103,
                -8.830991402015849
              ],
              [
                119.77917962163353,
                -8.825224058824556
              ],
              [
                119.76922326177025,
                -8.822170722993809
              ],
              [
                119.76887993901634,
                -8.809957127213073
              ],
              [
                119.7719698438015,
                -8.801135945937428
              ],
              [
                119.77814965337181,
                -8.793332417981176
              ],
              [
                119.78913598149681,
                -8.786546607851168
              ],
              [
                119.7997789868679,
                -8.779082073232306
              ],
              [
                119.80733208745384,
                -8.773992531692915
              ],
              [
                119.80149560063744,
                -8.769581539246735
              ],
              [
                119.79703240483666,
                -8.765170494413804
              ],
              [
                119.79668908208275,
                -8.757705530040887
              ],
              [
                119.79600243657494,
                -8.742096484141689
              ],
              [
                119.79600243657494,
                -8.700695415779823
              ],
              [
                119.79634575932884,
                -8.67727802901916
              ],
              [
                119.80149560063744,
                -8.667774904472079
              ],
              [
                119.80218224614525,
                -8.664041468357345
              ]
            ]
          ],
          "geodesic": true,
          "evenOdd": true
        },
        {
          "type": "Polygon",
          "coordinates": [
            [
              [
                119.64356713384056,
                -8.605998749242657
              ],
              [
                119.65970330327416,
                -8.609393305889443
              ],
              [
                119.66485314458275,
                -8.611090572795108
              ],
              [
                119.66656975835228,
                -8.626026193097145
              ],
              [
                119.66656975835228,
                -8.64130064842056
              ],
              [
                119.66622643559838,
                -8.648089096663224
              ],
              [
                119.66485314458275,
                -8.656913896485293
              ],
              [
                119.67103295415306,
                -8.661665626073235
              ],
              [
                119.67189126103783,
                -8.670999205817855
              ],
              [
                119.67480950444603,
                -8.676768939157025
              ],
              [
                119.67875783115144,
                -8.67022509677295
              ],
              [
                119.68648264718456,
                -8.669620607766717
              ],
              [
                119.69060253153653,
                -8.666035765877508
              ],
              [
                119.69506580481789,
                -8.66972679867362
              ],
              [
                119.70364885153236,
                -8.666247768979323
              ],
              [
                119.70158867925072,
                -8.660307995172394
              ],
              [
                119.6899157056179,
                -8.650804441713827
              ],
              [
                119.6837358960476,
                -8.638585234892664
              ],
              [
                119.69025902837181,
                -8.632814916236105
              ],
              [
                119.69815545171166,
                -8.633154349188239
              ],
              [
                119.70502190678978,
                -8.632136049415982
              ],
              [
                119.70399193852806,
                -8.626026193097145
              ],
              [
                119.70708184331322,
                -8.623310669669383
              ],
              [
                119.71291833012963,
                -8.624668433823393
              ],
              [
                119.71600823491478,
                -8.617540117586929
              ],
              [
                119.71944146245384,
                -8.608374942092034
              ],
              [
                119.72459130376244,
                -8.601246318804733
              ],
              [
                119.71635155766869,
                -8.593099156493762
              ],
              [
                119.71051507085228,
                -8.599209544648172
              ],
              [
                119.69037865241904,
                -8.599475279831877
              ],
              [
                119.66943596443076,
                -8.58284122626835
              ],
              [
                119.6278939112081,
                -8.58589651528144
              ]
            ]
          ],
          "geodesic": true,
          "evenOdd": true
        },
        {
          "type": "Polygon",
          "coordinates": [
            [
              [
                115.10241721615716,
                -8.705337705421776
              ],
              [
                115.05984519467279,
                -8.741987609239255
              ],
              [
                115.04336570248529,
                -8.816633655056807
              ],
              [
                115.08044455990716,
                -8.822061871595585
              ],
              [
                115.08696810188529,
                -8.81086617224593
              ],
              [
                115.09743939473154,
                -8.807982417337115
              ],
              [
                115.10911200985834,
                -8.802044927987899
              ],
              [
                115.11726633654872,
                -8.792205781789988
              ],
              [
                115.12443307048667,
                -8.787031599519867
              ],
              [
                115.1315996502392,
                -8.784232330278472
              ],
              [
                115.1458475445263,
                -8.774901580317499
              ],
              [
                115.15938753106299,
                -8.776322387071799
              ],
              [
                115.16495574471423,
                -8.768719679658531
              ],
              [
                115.16516487263037,
                -8.762203821650932
              ],
              [
                115.16297076972509,
                -8.758063168305847
              ],
              [
                115.15943021558515,
                -8.753376297762212
              ],
              [
                115.15451641910951,
                -8.753779221651097
              ],
              [
                115.15018196123474,
                -8.751870553124533
              ],
              [
                115.14928077206537,
                -8.747925912086513
              ],
              [
                115.15752064219318,
                -8.73800027836994
              ],
              [
                115.16043876156732,
                -8.727226275139202
              ],
              [
                115.16215539170919,
                -8.716536503412085
              ],
              [
                115.16249860457208,
                -8.707373782251025
              ],
              [
                115.15048240170404,
                -8.705337705421776
              ]
            ]
          ],
          "geodesic": true,
          "evenOdd": true
        },
        {
          "type": "Polygon",
          "coordinates": [
            [
              [
                104.50156092570336,
                -6.398992560969014
              ],
              [
                104.76935267375023,
                -6.388074562402474
              ],
              [
                104.7727859012893,
                -6.256357967517955
              ],
              [
                104.68832850382836,
                -6.190145854457145
              ],
              [
                104.51323389933617,
                -6.3000397229703875
              ],
              [
                104.49538111613305,
                -6.386027411727815
              ]
            ]
          ],
          "geodesic": true,
          "evenOdd": true
        },
        {
          "type": "Polygon",
          "coordinates": [
            [
              [
                101.19495418946927,
                -4.063860928551512
              ],
              [
                101.01711300294583,
                -4.138513629700867
              ],
              [
                101.0919573632974,
                -4.330934161922727
              ],
              [
                101.1578753320474,
                -4.454167292473126
              ],
              [
                101.33228329103177,
                -4.381599133687079
              ],
              [
                101.22722652833646,
                -4.0981061525004
              ]
            ]
          ],
          "geodesic": true,
          "evenOdd": true
        },
        {
          "type": "Polygon",
          "coordinates": [
            [
              [
                100.60233757132856,
                -3.2729775400218406
              ],
              [
                100.54191276664106,
                -3.3195921837161664
              ],
              [
                100.70121452445356,
                -3.4340628668362436
              ],
              [
                100.6977812969145,
                -3.705446651715151
              ],
              [
                100.69640800589887,
                -3.7993154079163864
              ],
              [
                100.86532280082075,
                -3.8041113496582115
              ],
              [
                100.87699577445356,
                -3.4347482791527795
              ],
              [
                100.66550895804731,
                -3.2866879558641116
              ]
            ]
          ],
          "geodesic": true,
          "evenOdd": true
        },
        {
          "type": "Polygon",
          "coordinates": [
            [
              [
                98.71926057408156,
                -1.3644031303579187
              ],
              [
                98.65059602330031,
                -1.419318561320334
              ],
              [
                98.87856233189406,
                -1.831139245276757
              ],
              [
                99.13124787876906,
                -1.8970223269171445
              ],
              [
                99.23561799595656,
                -1.8970223269171445
              ],
              [
                99.23424470494093,
                -1.7748621916897462
              ],
              [
                98.74672639439406,
                -1.3836236763789502
              ]
            ]
          ],
          "geodesic": true,
          "evenOdd": true
        },
        {
          "type": "Polygon",
          "coordinates": [
            [
              [
                98.68530171425512,
                0.24574004132337948
              ],
              [
                98.88992207558324,
                0.16334311253713635
              ],
              [
                98.95446675331762,
                0.05210675435085915
              ],
              [
                98.96133320839574,
                -0.06599625121666156
              ],
              [
                98.79653828652074,
                -0.08934217687045573
              ],
              [
                98.69903462441137,
                -0.15800656358074666
              ],
              [
                98.69079487831762,
                -0.265122516957099
              ],
              [
                98.94073384316137,
                -0.39558296672647786
              ],
              [
                99.19616597206762,
                -0.3749840673368869
              ],
              [
                99.24148457558324,
                -0.04265031460574199
              ],
              [
                99.1343678763645,
                0.21003475791832513
              ],
              [
                99.01763814003637,
                0.4160252249938953
              ],
              [
                98.94897358925512,
                0.5176453736141293
              ],
              [
                98.8047780326145,
                0.47644819427813595
              ],
              [
                98.57681172402074,
                0.4489832698892463
              ],
              [
                98.590544634177,
                0.2635926481052546
              ]
            ]
          ],
          "geodesic": true,
          "evenOdd": true
        },
        {
          "type": "Polygon",
          "coordinates": [
            [
              [
                98.10661637613444,
                1.9019169250995467
              ],
              [
                98.11176621744303,
                1.8116704604344638
              ],
              [
                98.22265946695475,
                1.8223081145141846
              ],
              [
                98.20995652506022,
                1.941719962652185
              ],
              [
                98.10867631265788,
                1.9369161971355375
              ]
            ]
          ],
          "geodesic": true,
          "evenOdd": true
        },
        {
          "type": "Polygon",
          "coordinates": [
            [
              [
                97.53902692591672,
                1.9835522938615264
              ],
              [
                97.77179975306515,
                1.9924733127185847
              ],
              [
                97.7306010225964,
                2.2429275522773637
              ],
              [
                97.53490705286984,
                2.2367524641939993
              ]
            ]
          ],
          "geodesic": true,
          "evenOdd": true
        },
        {
          "type": "Polygon",
          "coordinates": [
            [
              [
                109.03603243009773,
                -1.5891584150947962
              ],
              [
                109.05731844083992,
                -1.6145543703064917
              ],
              [
                109.0669314779493,
                -1.6323999871538024
              ],
              [
                109.08066438810555,
                -1.6509318061996
              ],
              [
                109.07723116056648,
                -1.6680907439154202
              ],
              [
                109.06006502287117,
                -1.6728952197248619
              ],
              [
                109.05251192228523,
                -1.692799350926471
              ],
              [
                109.05113863126961,
                -1.7250573354412997
              ],
              [
                109.14726900236336,
                -1.8334950016873515
              ],
              [
                109.39995454923836,
                -1.6680907439154202
              ],
              [
                109.27773164884773,
                -1.488257935125505
              ],
              [
                109.09920381681648,
                -1.4759024507565823
              ],
              [
                109.03877901212898,
                -1.5260103726907877
              ],
              [
                109.01268648283211,
                -1.5665077049238616
              ]
            ]
          ],
          "geodesic": true,
          "evenOdd": true
        },
        {
          "type": "Polygon",
          "coordinates": [
            [
              [
                108.71605562345711,
                -1.5699396465356796
              ],
              [
                108.73871492521492,
                -1.5603301958639124
              ],
              [
                108.75725435392586,
                -1.5623893675699854
              ],
              [
                108.7757937826368,
                -1.5424839569196094
              ],
              [
                108.92616914884773,
                -1.4635468977392672
              ],
              [
                108.95088838712898,
                -1.4251069667084635
              ],
              [
                108.76274751798836,
                -1.378429046701293
              ],
              [
                108.67897676603523,
                -1.3983359204149775
              ],
              [
                108.62473177091805,
                -1.4704111023009836
              ],
              [
                108.6164920248243,
                -1.5177735331733964
              ],
              [
                108.6494510091993,
                -1.5582710221419658
              ],
              [
                108.68584322111336,
                -1.5802354375172205
              ]
            ]
          ],
          "geodesic": true,
          "evenOdd": true
        },
        {
          "type": "Polygon",
          "coordinates": [
            [
              [
                108.81366655699819,
                -1.7180352679381052
              ],
              [
                108.69007036559194,
                -1.740684248852108
              ],
              [
                108.79512712828725,
                -1.8113747566130083
              ],
              [
                108.847312186881,
                -1.77019614853136
              ],
              [
                108.89537737242787,
                -1.7496065001588514
              ],
              [
                108.89194414488881,
                -1.7097992081107303
              ],
              [
                108.836325858756,
                -1.7200942773531187
              ]
            ]
          ],
          "geodesic": true,
          "evenOdd": true
        },
        {
          "type": "Polygon",
          "coordinates": [
            [
              [
                108.660544608756,
                -1.7015631129431057
              ],
              [
                108.77864763609975,
                -1.691267944545373
              ],
              [
                108.77384111754506,
                -1.6432231085073796
              ],
              [
                108.71066973082631,
                -1.6274366941797627
              ],
              [
                108.59874651305287,
                -1.6171411399213218
              ],
              [
                108.52046892516225,
                -1.6041000295906649
              ],
              [
                108.51428911559194,
                -1.6528321692573533
              ],
              [
                108.5561744915685,
                -1.7173489309731174
              ],
              [
                108.62346575133412,
                -1.7173489309731174
              ]
            ]
          ],
          "geodesic": true,
          "evenOdd": true
        },
        {
          "type": "Polygon",
          "coordinates": [
            [
              [
                122.83681282910523,
                -8.516928543640871
              ],
              [
                122.84779915723023,
                -8.545448557330218
              ],
              [
                122.84711251172241,
                -8.55902876695505
              ],
              [
                122.84711251172241,
                -8.5664976758114
              ],
              [
                122.86153206738648,
                -8.567855643486405
              ],
              [
                122.86977181348023,
                -8.540695369654754
              ],
              [
                122.87869820508179,
                -8.522361091329579
              ],
              [
                122.89861092480835,
                -8.50402593381465
              ],
              [
                122.92195687207398,
                -8.49859312597774
              ],
              [
                122.93843636426148,
                -8.490443769906404
              ],
              [
                122.9453028193396,
                -8.463957168480311
              ],
              [
                122.95972237500366,
                -8.434072661659712
              ],
              [
                122.98650154980835,
                -8.429997322377458
              ],
              [
                123.02632698926148,
                -8.429997322377458
              ],
              [
                123.05241951855835,
                -8.429997322377458
              ],
              [
                123.05241951855835,
                -8.41505404428273
              ],
              [
                123.0112207880896,
                -8.41505404428273
              ],
              [
                122.99542794140991,
                -8.41505404428273
              ],
              [
                122.99062142285523,
                -8.400110189609189
              ],
              [
                122.99542794140991,
                -8.381089905880438
              ],
              [
                122.9947412959021,
                -8.361389345597924
              ],
              [
                122.97757515820679,
                -8.355275176060413
              ],
              [
                122.94392952832398,
                -8.388562271263899
              ]
            ]
          ],
          "geodesic": true,
          "evenOdd": true
        },
        {
          "type": "Polygon",
          "coordinates": [
            [
              [
                119.59843696195267,
                -8.667059925383372
              ],
              [
                119.59440291959427,
                -8.666211418817412
              ],
              [
                119.58839477140091,
                -8.66756902840355
              ],
              [
                119.58607734281205,
                -8.665278059382763
              ],
              [
                119.58247245389603,
                -8.661290042971922
              ],
              [
                119.57603515226029,
                -8.661544598474473
              ],
              [
                119.5712286337056,
                -8.660780931449969
              ],
              [
                119.56564963895462,
                -8.661205191099445
              ],
              [
                119.56152976590775,
                -8.664514399939938
              ],
              [
                119.55964149076127,
                -8.666635672339805
              ],
              [
                119.55895484525345,
                -8.668756932768803
              ],
              [
                119.55775321561478,
                -8.670878181224094
              ],
              [
                119.5587831838765,
                -8.672490322040339
              ],
              [
                119.5598989828267,
                -8.674696398260789
              ],
              [
                119.55792487699173,
                -8.675884280088836
              ],
              [
                119.55861152249955,
                -8.678175184430117
              ],
              [
                119.56152976590775,
                -8.680805464765802
              ],
              [
                119.56273139554642,
                -8.682841798171145
              ],
              [
                119.5657354696431,
                -8.683944807484469
              ],
              [
                119.56762374478959,
                -8.68487812052415
              ],
              [
                119.5701128347554,
                -8.683690267161548
              ],
              [
                119.57148612577103,
                -8.684369040972191
              ],
              [
                119.5738035543599,
                -8.684369040972191
              ],
              [
                119.58599151212357,
                -8.686999277886434
              ],
              [
                119.59680617887162,
                -8.674781247087402
              ]
            ]
          ],
          "geodesic": true,
          "evenOdd": true
        },
        {
          "type": "Polygon",
          "coordinates": [
            [
              [
                119.51801360685013,
                -8.604519872172359
              ],
              [
                119.5159536703267,
                -8.600785810123892
              ],
              [
                119.51801360685013,
                -8.597730641069491
              ],
              [
                119.51612533170365,
                -8.591450494002604
              ],
              [
                119.52024520475052,
                -8.586528143865698
              ],
              [
                119.52282012540482,
                -8.582963643558102
              ],
              [
                119.52076018888138,
                -8.578210924418775
              ],
              [
                119.51543868619584,
                -8.574646346034859
              ],
              [
                119.50857223111771,
                -8.570402756741514
              ],
              [
                119.5027357443013,
                -8.571251478390346
              ],
              [
                119.50016082364701,
                -8.57447660337288
              ],
              [
                119.49930251676224,
                -8.578210924418775
              ],
              [
                119.49930251676224,
                -8.58500050497598
              ],
              [
                119.49878753263138,
                -8.589922874933606
              ],
              [
                119.49243606168412,
                -8.592638637913177
              ],
              [
                119.49655593473099,
                -8.596712245910616
              ],
              [
                119.49998916227005,
                -8.59942796025228
              ],
              [
                119.50084746915482,
                -8.601973924768997
              ],
              [
                119.49758590299271,
                -8.603501495264933
              ],
              [
                119.49277938443802,
                -8.601634463822093
              ],
              [
                119.4888311727681,
                -8.601973924768997
              ],
              [
                119.48024810392045,
                -8.606217160931438
              ],
              [
                119.46565688687943,
                -8.61029062290339
              ],
              [
                119.46205199796341,
                -8.611987885784
              ],
              [
                119.46239532071732,
                -8.61555211304627
              ],
              [
                119.4639402731099,
                -8.617249352317126
              ],
              [
                119.4697767599263,
                -8.616570457522993
              ],
              [
                119.4752699239888,
                -8.615212664277939
              ],
              [
                119.47732986051224,
                -8.615382388700189
              ],
              [
                119.4775015218892,
                -8.618607138248189
              ],
              [
                119.47956145841263,
                -8.620643808000308
              ],
              [
                119.48213637906693,
                -8.620474085940142
              ],
              [
                119.48436797696732,
                -8.614703490554156
              ],
              [
                119.4862562521138,
                -8.611139255295413
              ],
              [
                119.49020446378373,
                -8.609272261520672
              ],
              [
                119.49329436856888,
                -8.61063007608861
              ],
              [
                119.49672759610795,
                -8.616909905072433
              ],
              [
                119.50170577603959,
                -8.621322695478797
              ],
              [
                119.50410903531693,
                -8.623698792048485
              ]
            ]
          ],
          "geodesic": true,
          "evenOdd": true
        }
      ],
      "coordinates": []
    });
/***** End of imports. If edited, may not auto-convert in the playground. *****/
///////////////////////////////
// Global coral atlas project - Indonesia
// Contact: mitchell.lyons@gmail.com
// Region coordinator: 
// Description:
// - export geomorphic and benthic to Vulcan bucket
///////////////////////////////

// so we can visualise maps before export
var map_palettes = require('users/mitchest/global_reefs_modules:colour_pals');

// will need to import depth mosaic from pixels now
var depth = pixels.select('depth'); //.multiply(100).uint16()


/*
##################
A few post-feedback benthic changes
Implemented here because of the extra Indo cleanup step (too large to be worht re-running)
##################
*/
var to_seagrass_i = ee.Image().byte().paint(ee.Feature(to_seagrass, {zone: 1}), "zone").clip(to_seagrass);
var qc_mask_i = ee.Image().byte().paint(ee.Feature(qc_mask, {zone: 1}), "zone").clip(qc_mask);

// additional masking (various provenance)
geo = geo.where({
  test: qc_mask_i.eq(1),
  value: ee.Image(0)
});
  
// coral/algea or rock --> seagrass
benthic = benthic.where({
  test: to_seagrass_i.eq(1)
                     .and(benthic.eq(13).or(benthic.eq(15))),
  value: ee.Image(14)
});
/*
##################
##################
*/


// finalise layers (include 'mapped area' as zeros)
geo = geo.where(geo.lte(2), 0).selfMask();
benthic = benthic.updateMask(geo.gt(0)).selfMask();

// make reef/non-reef layer 
var reef_top = geo.eq([11,13,14,15,16,25,26]).reduce(ee.Reducer.sum());
var reef_all = geo.eq([11,12,13,14,15,16,21,22,23,24,25,26]).reduce(ee.Reducer.sum());
var reef_layer = reef_top.addBands(reef_all).reduce(ee.Reducer.sum());

// check before export 
//Map.addLayer(lowtide_sr, {"opacity":1,"bands":["b3","b2","b1"],"min":1,"max":1514,"gamma":1}, 'lowtide_sr', false);
Map.addLayer(reef_layer.selfMask(), {min:0, max:2}, "reef layer", false);
Map.addLayer(geo, map_palettes.geo, "geomorphic map", false);
Map.addLayer(benthic, map_palettes.benthic, "benthic map", false);
Map.addLayer(depth, {min: -3, max: 1200, palette:['#d0d1e6','#a6bddb','#74a9cf','#3690c0','#0570b0','#045a8d','#023858']}, "depth layer", false);

// combine into single stack
var export_stack = depth.updateMask(geo.gt(2)).rename('depth')
                    .addBands(reef_layer.rename('reef'))
                    .addBands(geo.rename('geomorphic'))
                    .addBands(benthic.rename('benthic'))
                    .toInt16();

Map.addLayer(export_stack, {}, "export raster stack", false);

// run the export
Map.addLayer(reef_boundary, {}, "Reef Boundary", false)
Export.image.toCloudStorage({
  image: export_stack,
  description: 'indonesia_stack',
  bucket: 'coral-atlas-data-pipeline',
  fileNamePrefix: 'coral-gee-export-bucket/indonesia/indo_qc/indo_stack_',
  region: reef_boundary, 
  scale: 5,
  crs: 'EPSG:4326',
  maxPixels: 1e13, 
  skipEmptyTiles: true
});


